5.000000000000000000e+00 5.333172196987334667e-47
5.034693157380139006e+00 4.991387395952026288e-47
5.069627037794075974e+00 4.677045669109548307e-47
5.104803311530234922e+00 4.387429665363243040e-47
5.140223660466546995e+00 4.120133060414004777e-47
5.175889778150882137e+00 3.873021859661132727e-47
5.211803369882009207e+00 3.644200769310254966e-47
5.247966152791137873e+00 3.431983911600170689e-47
5.284379855924021818e+00 3.234869346583316463e-47
5.321046220323622400e+00 3.051516855022607360e-47
5.357966999113356721e+00 2.880728555605754292e-47
5.395143957580921246e+00 2.721432004974161367e-47
5.432578873262690955e+00 2.572665426235052791e-47
5.470273536028714467e+00 2.433564788990564361e-47
5.508229748168283813e+00 2.303352515544959657e-47
5.546449324476114384e+00 2.181327582030654687e-47
5.584934092339116418e+00 2.066856861410454476e-47
5.623685891823758887e+00 1.959367491246039571e-47
5.662706575764059558e+00 1.858340212055422157e-47
5.701998009850164806e+00 1.763303494811505565e-47
5.741562072717556475e+00 1.673828369728718177e-47
5.781400656036880470e+00 1.589523879264352184e-47
5.821515664604382856e+00 1.510033073099685529e-47
5.861909016432995223e+00 1.435029463981180980e-47
5.902582642844026672e+00 1.363466096531132762e-47
5.943538488559517496e+00 1.295195299998679641e-47
5.984778511795218137e+00 1.230755189704331154e-47
6.026304684354212071e+00 1.169897632303021943e-47
6.068118991721204836e+00 1.112393804275567733e-47
6.110223433157442763e+00 1.058032387186351866e-47
6.152620021796308514e+00 1.006617942507258116e-47
6.195310784739581855e+00 9.579694779277258577e-48
6.238297763154347919e+00 9.119191506499214507e-48
6.281583012370603569e+00 8.683111151517015357e-48
6.325168601979518357e+00 8.270004852941306362e-48
6.369056615932393584e+00 7.878524047725374043e-48
6.413249152640303485e+00 7.507412049628590539e-48
6.457748325074419427e+00 7.155496579600657565e-48
6.502556260867045523e+00 6.821682905803700082e-48
6.547675102413337278e+00 6.504947708628753127e-48
6.593107006973743189e+00 6.204333546038092544e-48
6.638854146777149801e+00 5.918943736067449559e-48
6.684918709124731961e+00 5.643966965474209689e-48
6.731302896494550936e+00 5.382827770526006630e-48
6.778008926646843513e+00 5.134869908823494531e-48
6.825039032730071398e+00 4.899377066619409844e-48
6.872395463387687364e+00 4.675675773177100166e-48
6.920080482865659022e+00 4.463132440579021680e-48
6.968096371120712895e+00 4.261150693321975194e-48
7.016445423929364544e+00 4.069168850116087147e-48
7.065129952997670770e+00 3.886657620928760569e-48
7.114152286071764308e+00 3.713118025812989623e-48
7.163514767049155907e+00 3.548079433090780221e-48
7.213219756090789581e+00 3.391097742446636637e-48
7.263269629733905219e+00 3.241753767036881626e-48
7.313666781005652595e+00 3.099651642157315620e-48
7.364413619537513611e+00 2.964417421816451531e-48
7.415512571680523024e+00 2.835697738786488060e-48
7.466966080621261881e+00 2.713158571441375883e-48
7.518776606498691173e+00 2.596484098508300648e-48
7.570946626521762646e+00 2.485375610168426800e-48
7.623478635087869826e+00 2.379550525886221835e-48
7.676375143902114395e+00 2.278741458310937072e-48
7.729638682097387914e+00 2.182695311430685438e-48
7.783271796355308858e+00 2.091172500017091875e-48
7.837277051027977670e+00 2.003946162104165710e-48
7.891657028260587126e+00 1.920801437097340395e-48
7.946414328114890679e+00 1.841534807225647138e-48
8.001551568693503924e+00 1.765953455694136725e-48
8.057071386265098667e+00 1.693874670752013129e-48
8.112976435390438112e+00 1.625125294326294252e-48
8.169269389049306440e+00 1.559541187851021823e-48
8.225952938768314127e+00 1.496966746109127145e-48
8.283029794749570129e+00 1.437254426904237491e-48
8.340502686000293764e+00 1.380264308806762402e-48
8.398374360463268573e+00 1.325863690593749946e-48
8.456647585148241220e+00 1.273926689279079766e-48
8.515325146264222766e+00 1.224333876983465602e-48
8.574409849352699453e+00 1.176971936404501402e-48
8.633904519421777835e+00 1.131733330588110864e-48
8.693812001081255403e+00 1.088515996811318515e-48
8.754135158678622020e+00 1.047223053005832167e-48
8.814876876436029463e+00 1.007762523180311581e-48
8.876040058588174020e+00 9.700470819647587376e-49
8.937627629521175621e+00 9.339937972735919922e-49
8.999642533912386000e+00 8.995239100163787848e-49
9.062087736871186294e+00 8.665626104072916910e-49
9.124966224080763411e+00 8.350388287480400352e-49
9.188281001940856285e+00 8.048850419659052401e-49
9.252035097711509337e+00 7.760370860432755089e-49
9.316231559657802919e+00 7.484339834021532171e-49
9.380873457195605170e+00 7.220177745021743372e-49
9.445963881038332843e+00 6.967333628233914603e-49
9.511505943344722880e+00 6.725283640661192808e-49
9.577502777867637818e+00 6.493529672016425041e-49
9.643957540103892612e+00 6.271598042109759599e-49
9.710873407445131278e+00 6.059038195066035646e-49
9.778253579329746259e+00 5.855421538600149238e-49
9.846101277395861828e+00 5.660340325892329471e-49
9.914419745635354886e+00 5.473406546143552397e-49
9.983212250548969990e+00 5.294250984608421595e-49
1.005248208130249488e+01 5.126911454332331462e-49
1.012223254988401777e+01 4.967617863158773147e-49
1.019246699126231981e+01 4.814612467023345585e-49
1.026318876354625864e+01 4.667625376029227871e-49
1.033440124814541505e+01 4.526399080269766470e-49
1.040610784993169524e+01 4.390687827360985419e-49
1.047831199740216412e+01 4.260257080557152741e-49
1.055101714284298176e+01 4.134882958778456370e-49
1.062422676249441267e+01 4.014351719746950219e-49
1.069794435671711241e+01 3.898459272486171593e-49
1.077217345015942129e+01 3.787010733357363939e-49
1.084691759192592109e+01 3.679819962616355182e-49
1.092218035574714108e+01 3.576709149015595470e-49
1.099796534015037253e+01 3.477508425364009510e-49
1.107427616863180120e+01 3.382055491186382562e-49
1.115111648982969150e+01 3.290195234445023804e-49
1.122848997769887447e+01 3.201779423769966566e-49
1.130640033168639569e+01 3.116666353968947751e-49
1.138485127690839782e+01 3.034720558942699297e-49
1.146384656432824833e+01 2.955812517306466906e-49
1.154338997093584673e+01 2.879818367064468993e-49
1.162348529992824453e+01 2.806619653936164963e-49
1.170413638089146957e+01 2.736103065175069757e-49
1.178534706998363824e+01 2.668160209753695668e-49
1.186712125011933594e+01 2.602687376564216704e-49
1.194946283115524999e+01 2.539585330221169875e-49
1.203237575007712579e+01 2.478759095175852103e-49
1.211586397118800207e+01 2.420117774480819805e-49
1.219993148629774993e+01 2.363574350386437816e-49
1.228458231491395480e+01 2.309045513978092711e-49
1.236982050443406855e+01 2.256451503574645156e-49
1.245565013033894708e+01 2.205715931816547814e-49
1.254207529638770424e+01 2.156765644810759536e-49
1.262910013481392113e+01 2.109530569004010534e-49
1.271672880652324622e+01 2.063943579426004578e-49
1.280496550129229583e+01 2.019940361197451063e-49
1.289381443796900939e+01 1.977459293877777834e-49
1.298327986467436013e+01 1.936441322969420511e-49
1.307336605900545834e+01 1.896829851399212376e-49
1.316407732824010424e+01 1.858570627265687442e-49
1.325541800954269256e+01 1.821611645366885078e-49
1.334739247017160935e+01 1.785903046172439680e-49
1.344000510768803558e+01 1.751397017993913520e-49
1.353326035016620388e+01 1.718047717143373242e-49
1.362716265640514379e+01 1.685811170654955806e-49
1.372171651614182508e+01 1.654645205864962298e-49
1.381692645026585531e+01 1.624509364075903826e-49
1.391279701103562694e+01 1.595364833396857307e-49
1.400933278229597434e+01 1.567174369701277815e-49
1.410653837969735847e+01 1.539902239041057717e-49
1.420441845091651878e+01 1.513514144360652658e-49
1.430297767587871505e+01 1.487977168907388123e-49
1.440222076698148790e+01 1.463259715433431804e-49
1.450215246931995594e+01 1.439331452456287115e-49
1.460277756091373114e+01 1.416163258201212204e-49
1.470410085293531743e+01 1.393727169511101838e-49
1.480612718994017740e+01 1.371996334138968743e-49
1.490886145009836561e+01 1.350944963148766710e-49
1.501230854542774473e+01 1.330548287190499164e-49
1.511647342202888744e+01 1.310782512630194998e-49
1.522136106032151126e+01 1.291624783221419128e-49
1.532697647528264007e+01 1.273053136588796235e-49
1.543332471668636963e+01 1.255046471479698812e-49
1.554041086934531712e+01 1.237584509778563661e-49
1.564824005335375823e+01 1.220647763343614141e-49
1.575681742433239485e+01 1.204217500472122819e-49
1.586614817367488683e+01 1.188275715795791304e-49
1.597623752879606585e+01 1.172805100257202852e-49
1.608709075338185457e+01 1.157789011075080647e-49
1.619871314764099068e+01 1.143211447220881284e-49
1.631111004855834778e+01 1.129057020864881332e-49
1.642428683015022273e+01 1.115310933556876471e-49
1.653824890372121104e+01 1.101958952450990957e-49
1.665300171812294039e+01 1.088987385926221631e-49
1.676855076001465861e+01 1.076383063811105078e-49
1.688490155412545590e+01 1.064133314863420118e-49
1.700205966351853704e+01 1.052225947331032623e-49
1.712003068985712417e+01 1.040649228978885277e-49
1.723882027367231728e+01 1.029391870043945463e-49
1.735843409463281262e+01 1.018443004075467985e-49
1.747887787181637265e+01 1.007792172028520970e-49
1.760015736398340280e+01 9.974293058453865499e-50
1.772227836985217664e+01 9.873447122539728708e-50
1.784524672837614645e+01 9.775290587394620688e-50
1.796906831902314394e+01 9.679733592514878832e-50
1.809374906205639988e+01 9.586689600212202877e-50
1.821929491881772734e+01 9.496075267586056355e-50
1.834571189201246710e+01 9.407810323092253281e-50
1.847300602599650787e+01 9.321817440248621666e-50
1.860118340706534568e+01 9.238022130655705835e-50
1.873025016374496232e+01 9.156352622139942341e-50
1.886021246708499532e+01 9.076739767365298289e-50
1.899107653095367709e+01 8.999116930112348448e-50
1.912284861233499456e+01 8.923419889997201776e-50
1.925553501162785963e+01 8.849586754844493657e-50
1.938914207294728342e+01 8.777557862664134894e-50
1.952367618442780639e+01 8.707275700957481341e-50
1.965914377852884698e+01 8.638684825626125408e-50
1.979555133234229203e+01 8.571731774657999982e-50
1.993290536790221168e+01 8.506364998794110816e-50
2.007121245249660646e+01 8.442534784359678359e-50
2.021047919898153822e+01 8.380193186788415979e-50
2.035071226609719020e+01 8.319293958310369831e-50
2.049191835878630386e+01 8.259792490263206505e-50
2.063410422851477577e+01 8.201645743706848000e-50
2.077727667359437191e+01 8.144812195975421065e-50
2.092144253950791111e+01 8.089251779926734169e-50
2.106660871923644152e+01 8.034925830758849328e-50
2.121278215358888275e+01 7.981797033501313066e-50
2.135996983153390261e+01 7.929829369636234441e-50
2.150817879053397164e+01 7.878988071828138281e-50
2.165741611688200052e+01 7.829239576964636677e-50
2.180768894604002384e+01 7.780551477451656552e-50
2.195900446298042752e+01 7.732892484953342770e-50
2.211136990252950341e+01 7.686232382274279858e-50
2.226479254971327393e+01 7.640541986526126800e-50
2.241927974010593871e+01 7.595793111575469634e-50
2.257483886018050612e+01 7.551958531414049763e-50
2.273147734766199335e+01 7.509011940762896346e-50
2.288920269188310286e+01 7.466927927635392258e-50
2.304802243414216534e+01 7.425681936047376232e-50
2.320794416806389648e+01 7.385250235238629266e-50
2.336897553996231380e+01 7.345609892175695958e-50
2.353112424920640322e+01 7.306738738812123125e-50
2.369439804858827614e+01 7.268615347957852059e-50
2.385880474469372459e+01 7.231219002466694674e-50
2.402435219827565405e+01 7.194529673867481257e-50
2.419104832462978294e+01 7.158527993292066582e-50
2.435890109397316294e+01 7.123195231269801508e-50
2.452791853182525017e+01 7.088513273251527765e-50
2.469810871939160180e+01 7.054464596305652451e-50
2.486947979395032249e+01 7.021032250082378620e-50
2.504203994924105814e+01 6.988199835309691231e-50
2.521579743585680333e+01 6.955951484254502116e-50
2.539076056163837691e+01 6.924271841657442412e-50
2.556693769207162603e+01 6.893146046946347140e-50
2.574433725068747236e+01 6.862559716465217554e-50
2.592296771946456246e+01 6.832498927223745793e-50
2.610283763923488465e+01 6.802950199262317383e-50
2.628395561009211789e+01 6.773900481711199797e-50
2.646633029180280161e+01 6.745337136488569798e-50
2.664997040422045060e+01 6.717247925218228561e-50
2.683488472770237721e+01 6.689620993008610067e-50
2.702108210352958650e+01 6.662444857696717560e-50
2.720857143432946046e+01 6.635708395344938071e-50
2.739736168450142983e+01 6.609400828288675027e-50
2.758746188064564109e+01 6.583511712731954818e-50
2.777888111199438370e+01 6.558030928030595142e-50
2.797162853084689971e+01 6.532948664632600386e-50
2.816571335300678314e+01 6.508255414102449543e-50
2.836114485822271192e+01 6.483941958306533334e-50
2.855793239063217115e+01 6.459999360429499169e-50
2.875608535920806474e+01 6.436418953883448911e-50
2.895561323820880162e+01 6.413192334192789285e-50
2.915652556763112102e+01 6.390311350013862311e-50
2.935883195366627163e+01 6.367768094318291654e-50
2.956254206915940230e+01 6.345554896180257541e-50
2.976766565407184473e+01 6.323664312832163887e-50
2.997421251594705538e+01 6.302089122145771439e-50
3.018219253037934635e+01 6.280822315033152236e-50
3.039161564148614758e+01 6.259857088450390428e-50
3.060249186238350916e+01 6.239186838813298628e-50
3.081483127566470870e+01 6.218805154419345234e-50
3.102864403388251446e+01 6.198705810441852245e-50
3.124394036003446828e+01 6.178882761617137585e-50
3.146073054805171409e+01 6.159330136964985138e-50
3.167902496329126549e+01 6.140042233872191973e-50
3.189883404303140679e+01 6.121013512114325066e-50
3.212016829697096654e+01 6.102238589727198470e-50
3.234303830773163213e+01 6.083712236563160158e-50
3.256745473136400904e+01 6.065429370096910191e-50
3.279342829785717583e+01 6.047385050358127370e-50
3.302096981165151846e+01 6.029574475690921505e-50
3.325009015215560737e+01 6.011992977532731564e-50
3.348080027426610883e+01 5.994636017044434150e-50
3.371311120889170354e+01 5.977499180365605801e-50
3.394703406348055807e+01 5.960578174847572391e-50
3.418258002255118555e+01 5.943868825040571762e-50
3.441976034822749142e+01 5.927367069186480310e-50
3.465858638077703091e+01 5.911068955454601864e-50
3.489906953915329524e+01 5.894970638516806308e-50
3.514122132154175659e+01 5.879068376185966613e-50
3.538505330590944453e+01 5.863358526314475668e-50
3.563057715055874297e+01 5.847837543440490566e-50
3.587780459468464045e+01 5.832501975936732661e-50
3.612674745893606598e+01 5.817348463125471057e-50
3.637741764598116134e+01 5.802373732283151464e-50
3.662982714107614868e+01 5.787574596122078573e-50
3.688398801263866744e+01 5.772947950076818285e-50
3.713991241282458589e+01 5.758490769740024090e-50
3.739761257810909711e+01 5.744200108565375675e-50
3.765710082987187235e+01 5.730073095267552881e-50
3.791838957498595164e+01 5.716106931770054559e-50
3.818149130641122468e+01 5.702298890887241222e-50
3.844641860379156384e+01 5.688646314108397130e-50
3.871318413405634118e+01 5.675146609788305227e-50
3.898180065202618039e+01 5.661797250873201100e-50
3.925228100102253848e+01 5.648595773181318419e-50
3.952463811348211919e+01 5.635539773464074422e-50
3.979888501157492442e+01 5.622626907574525872e-50
4.007503480782702354e+01 5.609854888804254555e-50
4.035310070574752928e+01 5.597221486155622138e-50
4.063309600045972303e+01 5.584724522754205248e-50
4.091503407933696224e+01 5.572361874243339954e-50
4.119892842264259514e+01 5.560131467270753312e-50
4.148479260417452963e+01 5.548031278055545454e-50
4.177264029191434958e+01 5.536059330913643768e-50
4.206248524868058780e+01 5.524213696973374476e-50
4.235434133278702973e+01 5.512492492722872465e-50
4.264822249870512394e+01 5.500893878848645160e-50
4.294414279773126708e+01 5.489416058924355212e-50
4.324211637865862912e+01 5.478057278204596627e-50
4.354215748845361134e+01 5.466815822521516444e-50
4.384428047293715025e+01 5.455690017094002168e-50
4.414849977747045529e+01 5.444678225479605634e-50
4.445482994764580553e+01 5.433778848518253201e-50
4.476328562998200056e+01 5.422990323293600611e-50
4.507388157262457895e+01 5.412311122177364868e-50
4.538663262605113857e+01 5.401739751829641312e-50
4.570155374378115454e+01 5.391274752339998176e-50
4.601865998309111916e+01 5.380914696267056889e-50
4.633796650573440701e+01 5.370658187837359565e-50
4.665948857866618482e+01 5.360503862031692186e-50
4.698324157477347285e+01 5.350450383858243515e-50
4.730924097361000236e+01 5.340496447510843910e-50
4.763750236213646616e+01 5.330640775612854152e-50
4.796804143546572874e+01 5.320882118526353397e-50
4.830087399761322331e+01 5.311219253577260017e-50
4.863601596225270640e+01 5.301650984401121167e-50
4.897348335347697201e+01 5.292176140278251170e-50
4.931329230656412221e+01 5.282793575476384701e-50
4.965545906874899629e+01 5.273502168610440030e-50
4.999999999999999289e+01 5.264300822069151952e-50
5.034693157380139894e+01 5.255188461384015344e-50
5.069627037794075619e+01 5.246164034704147040e-50
5.104803311530231724e+01 5.237226512205582698e-50
5.140223660466548239e+01 5.228374885583975146e-50
5.175889778150880716e+01 5.219608167527738503e-50
5.211803369882010628e+01 5.210925391195997060e-50
5.247966152791137517e+01 5.202325609769535125e-50
5.284379855924019154e+01 5.193807895949422512e-50
5.321046220323622578e+01 5.185371341516614845e-50
5.357966999113354944e+01 5.177015056873909220e-50
5.395143957580922489e+01 5.168738170639718111e-50
5.432578873262691133e+01 5.160539829199060060e-50
5.470273536028711447e+01 5.152419196342184004e-50
5.508229748168283635e+01 5.144375452829218386e-50
5.546449324476112963e+01 5.136407796052120394e-50
5.584934092339118195e+01 5.128515439641807296e-50
5.623685891823758709e+01 5.120697613110438456e-50
5.662706575764056538e+01 5.112953561534291863e-50
5.701998009850164806e+01 5.105282545185168978e-50
5.741562072717555054e+01 5.097683839228754731e-50
5.781400656036881713e+01 5.090156733401705547e-50
5.821515664604383034e+01 5.082700531708628689e-50
5.861909016432991848e+01 5.075314552126658050e-50
5.902582642844026850e+01 5.067998126318660473e-50
5.943538488559515542e+01 5.060750599357077102e-50
5.984778511795219202e+01 5.053571329449884147e-50
6.026304684354212071e+01 5.046459687687764844e-50
6.068118991721201638e+01 5.039415057785442597e-50
6.110223433157442230e+01 5.032436835837213785e-50
6.152620021796307270e+01 5.025524430076287348e-50
6.195310784739583454e+01 5.018677260650282973e-50
6.238297763154347564e+01 5.011894759396799559e-50
6.281583012370606411e+01 5.005176369621504743e-50
6.325168601979518002e+01 4.998521545891338530e-50
6.369056615932391452e+01 4.991929753831255913e-50
6.413249152640305795e+01 4.985400469928141505e-50
6.457748325074419427e+01 4.978933181334426952e-50
6.502556260867048366e+01 4.972527385689049156e-50
6.547675102413337811e+01 4.966182590933987357e-50
6.593107006973741591e+01 4.959898315137059701e-50
6.638854146777151755e+01 4.953674086333955920e-50
6.684918709124731606e+01 4.947509442350674966e-50
6.731302896494554489e+01 4.941403930657233445e-50
6.778008926646843690e+01 4.935357108204742563e-50
6.825039032730067845e+01 4.929368541284807258e-50
6.872395463387690029e+01 4.923437805380432489e-50
6.920080482865657245e+01 4.917564485027985219e-50
6.968096371120716981e+01 4.911748173680914977e-50
7.016445423929364722e+01 4.905988473581971055e-50
7.065129952997666862e+01 4.900284995635749196e-50
7.114152286071765730e+01 4.894637359282696805e-50
7.163514767049153420e+01 4.889045192386615163e-50
7.213219756090792600e+01 4.883508131115707497e-50
7.263269629733905219e+01 4.878025819833588857e-50
7.313666781005647977e+01 4.872597910990283639e-50
7.364413619537515387e+01 4.867224065022772813e-50
7.415512571680521603e+01 4.861903950249645343e-50
7.466966080621266144e+01 4.856637242778238185e-50
7.518776606498691706e+01 4.851423626409830633e-50
7.570946626521758560e+01 4.846262792549804860e-50
7.623478635087872135e+01 4.841154440118956363e-50
7.676375143902112086e+01 4.836098275474034103e-50
7.729638682097392177e+01 4.831094012321530242e-50
7.783271796355309391e+01 4.826141371642769617e-50
7.837277051027973584e+01 4.821240081618771304e-50
7.891657028260588902e+01 4.816389877556376904e-50
7.946414328114889258e+01 4.811590501818851235e-50
8.001551568693507477e+01 4.806841703761379891e-50
8.057071386265099022e+01 4.802143239664080858e-50
8.112976435390434915e+01 4.797494872670563446e-50
8.169269389049308927e+01 4.792896372730490546e-50
8.225952938768311640e+01 4.788347516540876083e-50
8.283029794749575103e+01 4.783848087492065680e-50
8.340502686000294830e+01 4.779397875616404567e-50
8.398374360463265020e+01 4.774996677537237840e-50
8.456647585148242285e+01 4.770644296423442829e-50
8.515325146264220280e+01 4.766340541941793636e-50
8.574409849352703361e+01 4.762085230215355354e-50
8.633904519421778900e+01 4.757878183781578228e-50
8.693812001081251140e+01 4.753719231554104584e-50
8.754135158678624862e+01 4.749608208786077952e-50
8.814876876436026976e+01 4.745544957033851008e-50
8.876040058588178283e+01 4.741529324126175305e-50
8.937627629521176686e+01 4.737561164131697945e-50
8.999642533912381737e+01 4.733640337330604015e-50
9.062087736871187360e+01 4.729766710188035644e-50
9.124966224080760924e+01 4.725940155327539549e-50
9.188281001940860904e+01 4.722160551509141763e-50
9.252035097711508627e+01 4.718427783607105227e-50
9.316231559657798300e+01 4.714741742589804874e-50
9.380873457195606591e+01 4.711102325502621370e-50
9.445963881038331067e+01 4.707509435450839594e-50
9.511505943344727143e+01 4.703962981585745226e-50
9.577502777867637462e+01 4.700462879091126803e-50
9.643957540103887993e+01 4.697009049172935039e-50
9.710873407445130567e+01 4.693601419049074147e-50
9.778253579329744127e+01 4.690239921942103537e-50
9.846101277395865736e+01 4.686924497072781789e-50
9.914419745635355241e+01 4.683655089656106046e-50
9.983212250548965017e+01 4.680431650897311530e-50
1.005248208130249452e+02 4.677254137991687333e-50
1.012223254988401777e+02 4.674122514124532735e-50
1.019246699126232016e+02 4.671036748472892043e-50
1.026318876354625900e+02 4.667996816209298695e-50
1.033440124814540866e+02 4.665002698506962686e-50
1.040610784993169489e+02 4.662054382546460202e-50
1.047831199740216306e+02 4.659151861523880808e-50
1.055101714284298140e+02 4.656295134661117802e-50
1.062422676249441338e+02 4.653484207216935297e-50
1.069794435671710602e+02 4.650719090500775724e-50
1.077217345015942129e+02 4.647999801887253869e-50
1.084691759192592002e+02 4.645326364832383850e-50
1.092218035574714037e+02 4.642698808892182828e-50
1.099796534015037253e+02 4.640117169742143574e-50
1.107427616863179480e+02 4.637581489198947030e-50
1.115111648982969115e+02 4.635091815243648587e-50
1.122848997769886807e+02 4.632648202046720749e-50
1.130640033168639604e+02 4.630250709994707186e-50
1.138485127690839818e+02 4.627899405719498525e-50
1.146384656432825437e+02 4.625594362128631752e-50
1.154338997093584709e+02 4.623335658437659656e-50
1.162348529992823813e+02 4.621123380205006209e-50
1.170413638089146957e+02 4.618957619369087588e-50
1.178534706998363788e+02 4.616838474286751185e-50
1.186712125011934233e+02 4.614766049774977286e-50
1.194946283115525034e+02 4.612740457154009849e-50
1.203237575007711939e+02 4.610761814294517179e-50
1.211586397118800136e+02 4.608830245665644260e-50
1.219993148629774993e+02 4.606945882387783413e-50
1.228458231491396191e+02 4.605108862286626872e-50
1.236982050443406962e+02 4.603319329952251056e-50
1.245565013033894104e+02 4.601577436800676328e-50
1.254207529638770353e+02 4.599883341139356985e-50
1.262910013481392184e+02 4.598237208237273732e-50
1.271672880652325262e+02 4.596639210400432949e-50
1.280496550129229547e+02 4.595089527050123458e-50
1.289381443796900157e+02 4.593588344809776281e-50
1.298327986467436119e+02 4.592135857595913188e-50
1.307336605900545976e+02 4.590732266717496924e-50
1.316407732824011134e+02 4.589377780982741151e-50
1.325541800954269434e+02 4.588072616814658214e-50
1.334739247017160153e+02 4.586816998378239931e-50
1.344000510768803451e+02 4.585611157717055126e-50
1.353326035016620494e+02 4.584455334906374212e-50
1.362716265640515019e+02 4.583349778218950404e-50
1.372171651614182508e+02 4.582294744311316113e-50
1.381692645026584785e+02 4.581290498429623119e-50
1.391279701103562729e+02 4.580337314641483498e-50
1.400933278229597363e+02 4.579435476096342842e-50
1.410653837969736628e+02 4.578585275321168441e-50
1.420441845091651771e+02 4.577787014557108935e-50
1.430297767587870794e+02 4.577041006146504225e-50
1.440222076698148612e+02 4.576347572978634006e-50
1.450215246931995523e+02 4.575707049008757849e-50
1.460277756091373931e+02 4.575119779865493489e-50
1.470410085293531779e+02 4.574586123565900498e-50
1.480612718994017030e+02 4.574106451364503686e-50
1.490886145009836525e+02 4.573681148768028400e-50
1.501230854542774296e+02 4.573310616756625494e-50
1.511647342202889490e+02 4.572995273267328742e-50
1.522136106032151304e+02 4.572735555006604897e-50
1.532697647528263190e+02 4.572531919686091756e-50
1.543332471668637140e+02 4.572384848802704795e-50
1.554041086934531677e+02 4.572294851126565251e-50
1.564824005335376569e+02 4.572262467117175982e-50
1.575681742433239378e+02 4.572288274570933172e-50
1.586614817367487831e+02 4.572372895917040112e-50
1.597623752879606513e+02 4.572517007748179110e-50
1.608709075338185528e+02 4.572721353417510178e-50
1.619871314764099282e+02 4.572986759901056915e-50
1.631111004855834778e+02 4.573314160679200786e-50
1.642428683015021704e+02 4.573704627252706919e-50
1.653824890372121104e+02 4.574159413262229298e-50
1.665300171812293968e+02 4.574680017364866723e-50
1.676855076001465932e+02 4.575268274634465163e-50
1.688490155412545448e+02 4.575926492385484784e-50
1.700205966351852851e+02 4.576657657066607091e-50
1.712003068985712559e+02 4.577465758361924444e-50
1.723882027367231728e+02 4.578356313387164689e-50
1.735843409463281262e+02 4.579337246362525468e-50
1.747887787181637407e+02 4.580420429771699711e-50
1.760015736398339357e+02 4.581624525626395277e-50
1.772227836985217664e+02 4.582980555280125976e-50
1.784524672837614503e+02 4.584543674514614621e-50
1.796906831902314536e+02 4.586420558764586882e-50
1.809374906205640059e+02 4.588841563276666294e-50
1.821929491881772094e+02 4.592386512308316349e-50
1.834571189201246852e+02 4.598896712292270350e-50
1.847300602599650858e+02 4.617167924255701569e-50
1.860118340706534639e+02 4.764193415350667410e-50
1.873025016374496374e+02 5.206609432830075317e-50
1.886021246708498609e+02 4.633027668609407196e-50
1.899107653095367994e+02 4.608166982301393923e-50
1.912284861233499385e+02 4.603453149687661938e-50
1.925553501162786176e+02 4.602808524513457617e-50
1.938914207294728271e+02 4.603537789348045108e-50
1.952367618442779644e+02 4.604885983930592503e-50
1.965914377852884911e+02 4.606576046754092339e-50
1.979555133234229061e+02 4.608487488007421376e-50
1.993290536790221097e+02 4.610561442399872518e-50
2.007121245249660717e+02 4.612766650030248659e-50
2.021047919898154817e+02 4.615085474582526542e-50
2.035071226609719020e+02 4.617507530882631312e-50
2.049191835878630457e+02 4.620026535468520545e-50
2.063410422851477790e+02 4.622638644954081499e-50
2.077727667359437476e+02 4.625341530806487522e-50
2.092144253950791892e+02 4.628133840322028129e-50
2.106660871923644152e+02 4.631014870257468112e-50
2.121278215358888133e+02 4.633984362546287701e-50
2.135996983153390261e+02 4.637042372680703497e-50
2.150817879053397235e+02 4.640189182735353979e-50
2.165741611688201260e+02 4.643425242590535640e-50
2.180768894604002526e+02 4.646751129416605680e-50
2.195900446298042823e+02 4.650167519250963647e-50
2.211136990252950341e+02 4.653675166741986676e-50
2.226479254971327464e+02 4.657274890512848130e-50
2.241927974010595221e+02 4.660967562454039094e-50
2.257483886018050612e+02 4.664754099807408258e-50
2.273147734766199335e+02 4.668635459258659672e-50
2.288920269188310215e+02 4.672612632495178021e-50
2.304802243414216605e+02 4.676686642845976402e-50
2.320794416806390643e+02 4.680858542728940170e-50
2.336897553996231522e+02 4.685129411706798413e-50
2.353112424920640535e+02 4.689500355007776211e-50
2.369439804858827756e+02 4.693972502402215800e-50
2.385880474469372530e+02 4.698547007356624035e-50
2.402435219827566755e+02 4.703225046404575840e-50
2.419104832462978152e+02 4.708007818687799108e-50
2.435890109397315086e+02 4.712896545634342379e-50
2.452791853182525017e+02 4.717892470744949254e-50
2.469810871939160108e+02 4.722996859468806987e-50
2.486947979395033599e+02 4.728210999149780687e-50
2.504203994924105814e+02 4.733536199033044069e-50
2.521579743585679125e+02 4.738973790320318024e-50
2.539076056163837620e+02 4.744525126265383680e-50
2.556693769207162745e+02 4.750191582305574185e-50
2.574433725068748231e+02 4.755974556220984982e-50
2.592296771946456033e+02 4.761875468320111216e-50
2.610283763923487186e+02 4.767895761646790336e-50
2.628395561009211860e+02 4.774036902206760647e-50
2.646633029180280232e+02 4.780300379211028909e-50
2.664997040422045984e+02 4.786687705334266578e-50
2.683488472770237649e+02 4.793200416987116100e-50
2.702108210352957371e+02 4.799840074601590646e-50
2.720857143432946259e+02 4.806608262927227575e-50
2.739736168450143055e+02 4.813506591339618423e-50
2.758746188064563967e+02 4.820536694157374749e-50
2.777888111199438299e+02 4.827700230971015675e-50
2.797162853084688550e+02 4.834998886980089973e-50
2.816571335300678243e+02 4.842434373340517287e-50
2.836114485822271263e+02 4.850008427520796317e-50
2.855793239063216902e+02 4.857722813668067500e-50
2.875608535920806617e+02 4.865579322983059747e-50
2.895561323820878670e+02 4.873579774105420583e-50
2.915652556763112102e+02 4.881726013508348139e-50
2.935883195366627092e+02 4.890019915905190422e-50
2.956254206915940017e+02 4.898463384665520195e-50
2.976766565407184544e+02 4.907058352245595655e-50
2.997421251594703904e+02 4.915806780630628845e-50
3.018219253037934777e+02 4.924710661793235461e-50
3.039161564148614616e+02 4.933772018168736446e-50
3.060249186238351058e+02 4.942992903151107697e-50
3.081483127566470444e+02 4.952375401611891949e-50
3.102864403388250025e+02 4.961921630448660870e-50
3.124394036003446899e+02 4.971633739168384762e-50
3.146073054805171409e+02 4.981513910515519736e-50
3.167902496329126620e+02 4.991564361156761593e-50
3.189883404303140537e+02 5.001787342440559249e-50
3.212016829697095091e+02 5.012185141254785757e-50
3.234303830773163213e+02 5.022760081019537888e-50
3.256745473136401188e+02 5.033514522864304523e-50
3.279342829785717299e+02 5.044450867067515603e-50
3.302096981165151988e+02 5.055571554871899085e-50
3.325009015215558748e+02 5.066879070853896655e-50
3.348080027426610741e+02 5.078375946125350786e-50
3.371311120889170638e+02 5.090064762819632535e-50
3.394703406348055523e+02 5.101948160613194628e-50
3.418258002255118981e+02 5.114028846571966245e-50
3.441976034822747579e+02 5.126309610616463263e-50
3.465858638077702949e+02 5.138793350860089772e-50
3.489906953915329382e+02 5.151483117090374949e-50
3.514122132154175802e+02 5.164382189394798869e-50
3.538505330590944027e+02 5.177494229278132634e-50
3.563057715055872450e+02 5.190823592173307507e-50
3.587780459468463619e+02 5.204376035203298344e-50
3.612674745893606314e+02 5.218160519305738809e-50
3.637741764598115992e+02 5.232194586191564356e-50
3.662982714107614584e+02 5.246524553571616864e-50
3.688398801263868449e+02 5.261335983462147041e-50
3.713991241282458873e+02 5.278295410171026191e-50
3.739761257810910138e+02 5.506138225926124028e-50
3.765710082987187093e+02 5.307183855217265119e-50
3.791838957498594596e+02 5.321196921799672520e-50
3.818149130641124316e+02 5.336538558524139358e-50
3.844641860379156242e+02 5.352304014830000095e-50
3.871318413405634260e+02 5.368373048760615391e-50
3.898180065202618039e+02 5.384717500196665714e-50
3.925228100102253848e+02 5.401329862858448331e-50
3.952463811348213767e+02 5.418209059709154880e-50
3.979888501157492442e+02 5.435356482100065240e-50
4.007503480782701786e+02 5.452774627371630681e-50
4.035310070574753354e+02 5.470466555775193131e-50
4.063309600045972161e+02 5.488435649019545146e-50
4.091503407933698213e+02 5.506685493537089022e-50
4.119892842264259230e+02 5.525219820232723653e-50
4.148479260417452679e+02 5.544042471756950593e-50
4.177264029191435384e+02 5.563157384030224451e-50
4.206248524868058780e+02 5.582568575533469864e-50
4.235434133278704962e+02 5.602280141020414700e-50
4.264822249870512110e+02 5.622296247847303386e-50
4.294414279773124008e+02 5.642621133903134717e-50
4.324211637865862485e+02 5.663259106552667477e-50
4.354215748845361418e+02 5.684214542236496565e-50
4.384428047293717441e+02 5.705491886510501378e-50
4.414849977747045386e+02 5.727095654386793668e-50
4.445482994764578280e+02 5.749030430887542736e-50
4.476328562998199914e+02 5.771300871752980149e-50
4.507388157262458321e+02 5.793911704264053956e-50
4.538663262605115847e+02 5.816867728155886156e-50
4.570155374378115312e+02 5.840173816598718029e-50
4.601865998309110068e+02 5.863834917241112193e-50
4.633796650573440843e+02 5.887856053300444497e-50
4.665948857866619051e+02 5.912242324699240512e-50
4.698324157477349559e+02 5.936998909241993528e-50
4.730924097361000236e+02 5.962131063830917222e-50
4.763750236213644484e+02 5.987644125721406900e-50
4.796804143546572732e+02 6.013543513816489533e-50
4.830087399761322331e+02 6.039834730004168125e-50
4.863601596225273056e+02 6.066523360542763323e-50
4.897348335347697343e+02 6.093615077501115677e-50
4.931329230656409663e+02 6.121115640265209387e-50
4.965545906874899629e+02 6.149030897132110653e-50
4.999999999999999432e+02 6.177366787015843570e-50
5.034693157380134494e+02 6.206129341314317502e-50
5.069627037794076045e+02 6.235324686010499665e-50
5.104803311530232008e+02 6.264959044132406223e-50
5.140223660466548381e+02 6.295038738790629013e-50
5.175889778150880147e+02 6.325570197183224176e-50
5.211803369882004517e+02 6.356559956307987436e-50
5.247966152791137802e+02 6.388014671841458490e-50
5.284379855924019012e+02 6.419941133258031745e-50
5.321046220323622720e+02 6.452346292122232108e-50
5.357966999113355087e+02 6.485237320614938306e-50
5.395143957580917231e+02 6.518621747128836876e-50
5.432578873262691559e+02 6.552507816993206501e-50
5.470273536028711305e+02 6.586905646319670247e-50
5.508229748168283777e+02 6.621832069266071526e-50
5.546449324476112679e+02 6.657343342367668786e-50
5.584934092339112794e+02 6.694300357191398355e-50
5.623685891823758993e+02 6.731059824924427672e-50
5.662706575764057106e+02 6.766813024041806495e-50
5.701998009850165090e+02 6.804306172256606857e-50
5.741562072717555338e+02 6.842427485564143981e-50
5.781400656036876171e+02 6.881132184185675209e-50
5.821515664604382891e+02 6.920418890787456287e-50
5.861909016432991848e+02 6.960293226861073050e-50
5.902582642844026850e+02 7.000762713110216886e-50
5.943538488559515827e+02 7.041835599362113417e-50
5.984778511795212808e+02 7.083520510867786129e-50
6.026304684354212213e+02 7.125826320718086003e-50
6.068118991721202065e+02 7.168762098132619483e-50
6.110223433157442514e+02 7.212337086007850767e-50
6.152620021796307128e+02 7.256560691024245207e-50
6.195310784739577912e+02 7.301442479631881306e-50
6.238297763154347422e+02 7.346992176990401619e-50
6.281583012370599590e+02 7.393219667495695811e-50
6.325168601979518144e+02 7.440134996209997732e-50
6.369056615932391878e+02 7.487748370838143807e-50
6.413249152640298689e+02 7.536070164056255621e-50
6.457748325074419427e+02 7.585110916083406496e-50
6.502556260867041829e+02 7.634881337432141822e-50
6.547675102413337527e+02 7.685392311803696658e-50
6.593107006973741591e+02 7.736654899107116245e-50
6.638854146777144933e+02 7.788680338593651758e-50
6.684918709124732459e+02 7.841480052106736115e-50
6.731302896494547667e+02 7.895065647455566435e-50
6.778008926646843975e+02 7.949448921933420791e-50
6.825039032730068129e+02 8.004641866016778170e-50
6.872395463387682639e+02 8.060656667314291506e-50
6.920080482865656677e+02 8.117505714892075762e-50
6.968096371120709591e+02 8.175201604214832007e-50
7.016445423929365006e+02 8.233757143196369058e-50
7.065129952997667715e+02 8.293185360410118954e-50
7.114152286071758908e+02 8.353499517922430946e-50
7.163514767049153988e+02 8.414713135037366717e-50
7.213219756090785495e+02 8.476840041135131796e-50
7.263269629733905504e+02 8.539894519184811444e-50
7.313666781005648545e+02 8.604101265067666833e-50
7.364413619537507429e+02 8.669338261754770877e-50
7.415512571680520750e+02 8.735582904550725890e-50
7.466966080621258470e+02 8.807385829680893634e-50
7.518776606498690853e+02 8.870992153048867230e-50
7.570946626521758844e+02 8.940116757335271454e-50
7.623478635087872135e+02 9.010341465348072797e-50
7.676375143902112086e+02 9.081623120435049656e-50
7.729638682097383935e+02 9.153971741828056947e-50
7.783271796355309107e+02 9.227446645445951131e-50
7.837277051027973584e+02 9.302253722744774598e-50
7.891657028260589186e+02 9.378177760064650577e-50
7.946414328114889258e+02 9.455240737142796117e-50
8.001551568693499803e+02 9.533445707608772448e-50
8.057071386265098454e+02 9.612825036983597072e-50
8.112976435390434062e+02 9.693392091034088833e-50
8.169269389049309211e+02 9.775165355313658028e-50
8.225952938768310787e+02 9.858163650412287051e-50
8.283029794749566008e+02 9.942406127503456651e-50
8.340502686000294261e+02 1.002791227330927386e-49
8.398374360463265020e+02 1.011470191631663908e-49
8.456647585148242570e+02 1.020279523348379461e-49
8.515325146264220848e+02 1.029221275728585179e-49
8.574409849352695119e+02 1.038297538305758241e-49
8.633904519421778332e+02 1.047510437665250571e-49
8.693812001081250855e+02 1.056862138247515308e-49
8.754135158678624293e+02 1.066354843202884894e-49
8.814876876436027260e+02 1.075990795327387389e-49
8.876040058588170041e+02 1.085772278148749991e-49
8.937627629521176686e+02 1.095701617332562913e-49
8.999642533912381168e+02 1.105781182883388068e-49
9.062087736871186507e+02 1.116013393672459041e-49
9.124966224080760639e+02 1.126400730348883556e-49
9.188281001940850956e+02 1.136945789110822798e-49
9.252035097711509479e+02 1.147651674270276252e-49
9.316231559657798016e+02 1.158535726859702385e-49
9.380873457195606306e+02 1.169558033186911599e-49
9.445963881038330783e+02 1.180752709985600162e-49
9.511505943344717480e+02 1.192123811038966940e-49
9.577502777867638315e+02 1.203668905119026449e-49
9.643957540103887141e+02 1.215390484220132645e-49
9.710873407445130852e+02 1.227297615419328585e-49
9.778253579329743843e+02 1.239408216552434412e-49
9.846101277395855504e+02 1.251704231837096395e-49
9.914419745635356094e+02 1.264188716418413196e-49
9.983212250548965585e+02 1.276864785440169669e-49
1.005248208130249395e+03 1.289735614413153029e-49
1.012223254988401777e+03 1.302804440186392951e-49
1.019246699126230965e+03 1.316074562179575537e-49
1.026318876354625900e+03 1.329549343753865645e-49
1.033440124814540923e+03 1.343232213672991409e-49
1.040610784993169545e+03 1.357126667636907577e-49
1.047831199740216334e+03 1.371236269883008405e-49
1.055101714284297032e+03 1.385564654861747451e-49
1.062422676249441338e+03 1.400115529007480246e-49
1.069794435671710517e+03 1.414892672657402499e-49
1.077217345015942101e+03 1.429899942260666396e-49
1.084691759192592144e+03 1.445141273308702551e-49
1.092218035574712985e+03 1.460620685552707458e-49
1.099796534015037196e+03 1.476342297898986422e-49
1.107427616863179537e+03 1.492310406386131444e-49
1.115111648982969200e+03 1.508530615659227996e-49
1.122848997769886864e+03 1.525021269033936511e-49
1.130640033168638411e+03 1.541735331801087529e-49
1.138485127690839818e+03 1.558731503587306549e-49
1.146384656432824158e+03 1.575996597645797568e-49
1.154338997093584794e+03 1.593535011607953489e-49
1.162348529992823842e+03 1.611351514557047141e-49
1.170413638089145707e+03 1.629451013522864815e-49
1.178534706998363845e+03 1.647838528480892409e-49
1.186712125011933040e+03 1.666519189299758935e-49
1.194946283115524921e+03 1.685498236934284722e-49
1.203237575007711939e+03 1.704781025801827571e-49
1.211586397118798914e+03 1.724373026610965481e-49
1.219993148629774851e+03 1.744279829428807170e-49
1.228458231491394827e+03 1.764507146919548697e-49
1.236982050443406933e+03 1.785060817737300213e-49
1.245565013033894047e+03 1.805946810086745538e-49
1.254207529638769074e+03 1.827171225504028451e-49
1.262910013481392070e+03 1.848740303017306347e-49
1.271672880652324011e+03 1.870660424232601012e-49
1.280496550129229490e+03 1.892938121692590039e-49
1.289381443796900385e+03 1.915580105109932458e-49
1.298327986467434812e+03 1.938593490466443559e-49
1.307336605900545919e+03 1.962393896424486078e-49
1.316407732824009827e+03 1.985760678982858962e-49
1.325541800954269320e+03 2.009928873586435289e-49
1.334739247017160324e+03 2.034497440796439939e-49
1.344000510768802087e+03 2.059473701378304040e-49
1.353326035016620381e+03 2.084865459180717415e-49
1.362716265640513711e+03 2.110680736054790272e-49
1.372171651614182565e+03 2.136927753924170092e-49
1.381692645026584842e+03 2.163614936382227266e-49
1.391279701103562729e+03 2.190750913745167811e-49
1.400933278229597590e+03 2.218344529130750583e-49
1.410653837969735150e+03 2.246404845035617510e-49
1.420441845091651885e+03 2.274941150279750962e-49
1.430297767587870794e+03 2.303962967302300548e-49
1.440222076698148840e+03 2.333480059867295983e-49
1.450215246931995580e+03 2.363502441395640486e-49
1.460277756091372339e+03 2.394040384776982352e-49
1.470410085293531665e+03 2.425104438274991466e-49
1.480612718994017087e+03 2.456705491440253713e-49
1.490886145009836582e+03 2.488857252745040339e-49
1.501230854542774523e+03 2.521563223586592235e-49
1.511647342202888012e+03 2.554841925286717673e-49
1.522136106032151247e+03 2.588704265530118218e-49
1.532697647528263133e+03 2.623162048144086438e-49
1.543332471668637027e+03 2.658227896706493982e-49
1.554041086934531677e+03 2.693914812802001350e-49
1.564824005335374977e+03 2.730236163234041805e-49
1.575681742433239378e+03 2.767205688930282882e-49
1.586614817367487831e+03 2.804837517408293779e-49
1.597623752879606627e+03 2.843146176505678628e-49
1.608709075338185585e+03 2.882146608948696895e-49
1.619871314764097406e+03 2.921854187708222436e-49
1.631111004855834835e+03 2.962284732267455593e-49
1.642428683015021534e+03 3.003454526341586202e-49
1.653824890372120990e+03 3.045380339882534011e-49
1.665300171812294138e+03 3.088079481613624277e-49
1.676855076001464113e+03 3.131571164941977305e-49
1.688490155412545391e+03 3.175869421089624520e-49
1.700205966351852794e+03 3.220996675867707446e-49
1.712003068985712616e+03 3.266972008182948989e-49
1.723882027367231785e+03 3.313815116688296225e-49
1.735843409463279386e+03 3.361546661202240309e-49
1.747887787181637350e+03 3.410187974424360797e-49
1.760015736398339186e+03 3.459761071855185746e-49
1.772227836985217436e+03 3.510288677009892393e-49
1.784524672837614617e+03 3.561794249955231310e-49
1.796906831902312661e+03 3.614302017745139465e-49
1.809374906205639945e+03 3.667837006598595121e-49
1.821929491881772037e+03 3.722425076080015422e-49
1.834571189201246852e+03 3.778092956625612502e-49
1.847300602599651029e+03 3.834868300680631072e-49
1.860118340706532763e+03 3.892780004834834251e-49
1.873025016374496317e+03 3.951857276010686135e-49
1.886021246708498438e+03 4.012129540508494319e-49
1.899107653095367823e+03 4.073630359693650830e-49
1.912284861233499214e+03 4.136391816699393653e-49
1.925553501162784187e+03 4.200447838561629717e-49
1.938914207294728385e+03 4.265833598693678503e-49
1.952367618442779758e+03 4.332585553270074348e-49
1.965914377852884854e+03 4.400741497040075648e-49
1.979555133234229061e+03 4.470340624187109639e-49
1.993290536790218994e+03 4.541423592889286390e-49
2.007121245249660660e+03 4.614032593731656923e-49
2.021047919898152713e+03 4.688211423529683160e-49
2.035071226609719133e+03 4.764005578364124593e-49
2.049191835878630627e+03 4.841463042510861043e-49
2.063410422851475687e+03 4.920630613929022966e-49
2.077727667359437419e+03 5.001561204411443979e-49
2.092144253950789789e+03 5.084307592376456227e-49
2.106660871923644208e+03 5.168924733835176577e-49
2.121278215358888247e+03 5.255469968977802437e-49
2.135996983153388101e+03 5.344002973430288839e-49
2.150817879053397064e+03 5.434585862115725174e-49
2.165741611688199100e+03 5.527283305610129620e-49
2.180768894604002526e+03 5.622162653254773779e-49
2.195900446298042880e+03 5.719294062842291898e-49
2.211136990252948181e+03 5.818750639625141212e-49
2.226479254971327464e+03 5.920608624547640640e-49
2.241927974010592607e+03 6.024963523934608321e-49
2.257483886018050725e+03 6.131849424728918672e-49
2.273147734766199392e+03 6.241401450072106450e-49
2.288920269188307884e+03 6.353693441857846083e-49
2.304802243414216719e+03 6.468819284121588981e-49
2.320794416806388199e+03 6.586876943579949671e-49
2.336897553996231636e+03 6.707968621474533205e-49
2.353112424920640478e+03 6.832200933867802427e-49
2.369439804858825028e+03 6.959685096783469191e-49
2.385880474469372530e+03 7.090537113757842141e-49
2.402435219827564197e+03 7.224877970359445223e-49
2.419104832462978266e+03 7.362834045477324811e-49
2.435890109397314973e+03 7.504536165399748960e-49
2.452791853182522573e+03 7.650121472424384638e-49
2.469810871939159824e+03 7.799732971769573861e-49
2.486947979395030870e+03 7.953518851121947509e-49
2.504203994924105700e+03 8.111633395003089221e-49
2.521579743585678898e+03 8.274236873212102033e-49
2.539076056163837620e+03 8.441495569145359783e-49
2.556693769207162859e+03 8.613581761318937504e-49
2.574433725068745844e+03 8.790673640159435920e-49
2.592296771946456374e+03 8.972955156545712069e-49
2.610283763923487186e+03 9.160617522445095424e-49
2.628395561009212088e+03 9.353849633927364128e-49
2.646633029180280118e+03 9.552855969514194389e-49
2.664997040422043483e+03 9.757837583937079069e-49
2.683488472770237877e+03 9.968999976710337651e-49
2.702108210352957030e+03 1.018655025372554985e-48
2.720857143432946032e+03 1.041069549550312440e-48
2.739736168450142941e+03 1.064164077110359876e-48
2.758746188064561011e+03 1.087958667713897800e-48
2.777888111199438299e+03 1.112472632161596967e-48
2.797162853084688322e+03 1.137724436727722345e-48
2.816571335300678584e+03 1.163729836669449555e-48
2.836114485822271490e+03 1.190504172772176872e-48
2.855793239063214060e+03 1.218058880887440853e-48
2.875608535920806389e+03 1.246402094110012007e-48
2.895561323820878897e+03 1.275537437503642792e-48
2.915652556763111988e+03 1.305465545054403838e-48
2.935883195366627206e+03 1.336174985329074067e-48
2.956254206915937175e+03 1.367648167751170740e-48
2.976766565407184771e+03 1.399857367207268606e-48
2.997421251594703790e+03 1.432762379138981969e-48
3.018219253037934777e+03 1.466308318138910756e-48
3.039161564148614616e+03 1.500422796247295128e-48
3.060249186238348102e+03 1.535012836451288298e-48
3.081483127566470557e+03 1.569961565209878273e-48
3.102864403388249684e+03 1.605124545345066642e-48
3.124394036003446672e+03 1.640325910038524680e-48
3.146073054805171523e+03 1.675354402316626063e-48
3.167902496329123551e+03 1.709959632320488089e-48
3.189883404303140651e+03 1.743847809172803796e-48
3.212016829697095091e+03 1.776680321673089749e-48
3.234303830773163099e+03 1.808070555569732350e-48
3.256745473136400960e+03 1.837584476892115202e-48
3.279342829785714002e+03 1.864742704433574459e-48
3.302096981165152101e+03 1.889025664105398186e-48
3.325009015215558520e+03 1.909882404688242217e-48
3.348080027426610741e+03 1.926743683891991669e-48
3.371311120889170525e+03 1.939039517722813751e-48
3.394703406348052340e+03 1.946221706193521546e-48
3.418258002255118754e+03 1.947790130912156776e-48
3.441976034822747806e+03 1.943322103153199410e-48
3.465858638077703290e+03 1.932502901814410102e-48
3.489906953915329723e+03 1.915154809844709961e-48
3.514122132154172050e+03 1.891261781963393729e-48
3.538505330590944141e+03 1.860986752304000037e-48
3.563057715055871995e+03 1.824678313096041338e-48
3.587780459468463505e+03 1.782866784224250202e-48
3.612674745893606541e+03 1.736246164607213690e-48
3.637741764598112240e+03 1.685645912208131520e-48
3.662982714107614811e+03 1.631993331246511025e-48
3.688398801263864698e+03 1.576270594981702540e-48
3.713991241282458759e+03 1.519470432761761362e-48
3.739761257810910138e+03 1.462554415103559440e-48
3.765710082987183341e+03 1.406417054736855307e-48
3.791838957498594937e+03 1.351858394112271921e-48
3.818149130641120337e+03 1.299565162773906598e-48
3.844641860379156242e+03 1.250101490410493648e-48
3.871318413405634146e+03 1.203907515298146562e-48
3.898180065202614060e+03 1.161304598960145691e-48
3.925228100102254302e+03 1.122505341511152377e-48
3.952463811348209674e+03 1.087626544641034854e-48
3.979888501157492556e+03 1.056704010909911012e-48
4.007503480782701899e+03 1.029707090059886483e-48
4.035310070574748806e+03 1.006552974476866856e-48
4.063309600045972275e+03 9.871195703107115307e-49
4.091503407933694234e+03 9.712568115647535054e-49
4.119892842264259343e+03 9.587962034120370207e-49
4.148479260417452679e+03 9.495587927414595597e-49
4.177264029191431291e+03 9.433614049005378214e-49
4.206248524868058666e+03 9.400215550684969308e-49
4.235434133278700756e+03 9.393611319278292820e-49
4.264822249870511769e+03 9.412090544481503157e-49
4.294414279773124690e+03 9.454031259925599548e-49
4.324211637865858393e+03 9.517910443860083249e-49
4.354215748845361304e+03 9.602313661322580788e-49
4.384428047293712552e+03 9.705934314889888970e-49
4.414849977747045159e+03 9.827574851580191387e-49
4.445482994764578507e+03 9.966143903601196081e-49
4.476328562998200141e+03 1.012065835422253916e-48
4.507388157262457753e+03 1.029020797437026212e-48
4.538663262605111413e+03 1.047401079179197736e-48
4.570155374378115084e+03 1.067134641173035144e-48
4.601865998309110182e+03 1.088158063732185583e-48
4.633796650573441184e+03 1.110415366651847944e-48
4.665948857866618710e+03 1.133857474841453525e-48
4.698324157477344670e+03 1.158441605154144861e-48
4.730924097361000349e+03 1.184130963862113285e-48
4.763750236213644712e+03 1.210894103511587235e-48
4.796804143546572959e+03 1.238704600575488013e-48
4.830087399761322558e+03 1.267540656577157253e-48
4.863601596225267713e+03 1.297384747579008789e-48
4.897348335347696775e+03 1.328223320859887259e-48
4.931329230656409891e+03 1.360046512518746609e-48
4.965545906874899629e+03 1.392847897266883922e-48
4.999999999999999091e+03 1.426624273304888917e-48
