5.000000000000000000e+00 2.106009311022457779e-46
5.034693157380139006e+00 1.971196604483372586e-46
5.069627037794075974e+00 1.847223006690689784e-46
5.104803311530234922e+00 1.733011931651875855e-46
5.140223660466546995e+00 1.627610396898851704e-46
5.175889778150882137e+00 1.530173610854641389e-46
5.211803369882009207e+00 1.439951581694978127e-46
5.247966152791137873e+00 1.356277458615267102e-46
5.284379855924021818e+00 1.278557390963834979e-46
5.321046220323622400e+00 1.206261687507111788e-46
5.357966999113356721e+00 1.138917105502694116e-46
5.395143957580921246e+00 1.076100129335495615e-46
5.432578873262690955e+00 1.017431097306368398e-46
5.470273536028714467e+00 9.625690660774797721e-47
5.508229748168283813e+00 9.112073229009805181e-47
5.546449324476114384e+00 8.630694533647109169e-47
5.584934092339116418e+00 8.179059036532446150e-47
5.623685891823758887e+00 7.754909506746676126e-47
5.662706575764059558e+00 7.356200585586607965e-47
5.701998009850164806e+00 6.981075491075452532e-47
5.741562072717556475e+00 6.627845512035438243e-47
5.781400656036880470e+00 6.294971984766470971e-47
5.821515664604382856e+00 5.981050424576389955e-47
5.861909016432995223e+00 5.684796488794858208e-47
5.902582642844026672e+00 5.402042399307927861e-47
5.943538488559517496e+00 5.132216032525899350e-47
5.984778511795218137e+00 4.877487038446406012e-47
6.026304684354212071e+00 4.636878839579409624e-47
6.068118991721204836e+00 4.409490938214522166e-47
6.110223433157442763e+00 4.194491783430183898e-47
6.152620021796308514e+00 3.991112349790508783e-47
6.195310784739581855e+00 3.798640475937254865e-47
6.238297763154347919e+00 3.616415745555924469e-47
6.281583012370603569e+00 3.443824941087068300e-47
6.325168601979518357e+00 3.280297950097044477e-47
6.369056615932393584e+00 3.125304100672279718e-47
6.413249152640303485e+00 2.978348842388864655e-47
6.457748325074419427e+00 2.838970804350372531e-47
6.502556260867045523e+00 2.706739093675810859e-47
6.547675102413337278e+00 2.581250880833697394e-47
6.593107006973743189e+00 2.462129222206925810e-47
6.638854146777149801e+00 2.349021046837114682e-47
6.684918709124731961e+00 2.240007043829136842e-47
6.731302896494550936e+00 2.136461845172575810e-47
6.778008926646843513e+00 2.038127439930562740e-47
6.825039032730071398e+00 1.944721469593580052e-47
6.872395463387687364e+00 1.855978416580769954e-47
6.920080482865659022e+00 1.771648441579196074e-47
6.968096371120712895e+00 1.691496335248852159e-47
7.016445423929364544e+00 1.615300529371706936e-47
7.065129952997670770e+00 1.542852192771169186e-47
7.114152286071764308e+00 1.473954414711044362e-47
7.163514767049155907e+00 1.408421434896384869e-47
7.213219756090789581e+00 1.346077930379497840e-47
7.263269629733905219e+00 1.286758381090915832e-47
7.313666781005652595e+00 1.230306445084034937e-47
7.364413619537513611e+00 1.176574408096605953e-47
7.415512571680523024e+00 1.125422657720813740e-47
7.466966080621261881e+00 1.076719199559686110e-47
7.518776606498691173e+00 1.030339207874656661e-47
7.570946626521762646e+00 9.861645981444221382e-48
7.623478635087869826e+00 9.440836417333660596e-48
7.676375143902114395e+00 9.039905984479978306e-48
7.729638682097387914e+00 8.657853622903230346e-48
7.783271796355308858e+00 8.293731552604596836e-48
7.837277051027977670e+00 7.946642179386869068e-48
7.891657028260587126e+00 7.615735259150508581e-48
7.946414328114890679e+00 7.300205311803261050e-48
8.001551568693503924e+00 6.999289098484218935e-48
8.057071386265098667e+00 6.712263279190508178e-48
8.112976435390438112e+00 6.438442245649242191e-48
8.169269389049306440e+00 6.177176020156708529e-48
8.225952938768314127e+00 5.927848343856947031e-48
8.283029794749570129e+00 5.689874825896611496e-48
8.340502686000293764e+00 5.462701202626161653e-48
8.398374360463268573e+00 5.245801761457694813e-48
8.456647585148241220e+00 5.038677757133134612e-48
8.515325146264222766e+00 4.840855981531771479e-48
8.574409849352699453e+00 4.651887406174901683e-48
8.633904519421777835e+00 4.471345880375918453e-48
8.693812001081255403e+00 4.298826924357976006e-48
8.754135158678622020e+00 4.133946571186538126e-48
8.814876876436029463e+00 3.976340283426952233e-48
8.876040058588174020e+00 3.825661945123115978e-48
8.937627629521175621e+00 3.681582845158510458e-48
8.999642533912386000e+00 3.543790807800123267e-48
9.062087736871186294e+00 3.411989308704983075e-48
9.124966224080763411e+00 3.285896647947391946e-48
9.188281001940856285e+00 3.165245185266125715e-48
9.252035097711509337e+00 3.049780598140178863e-48
9.316231559657802919e+00 2.939261198987116839e-48
9.380873457195605170e+00 2.833457268588557549e-48
9.445963881038332843e+00 2.732150442470915788e-48
9.511505943344722880e+00 2.635133113604064800e-48
9.577502777867637818e+00 2.542207882017705022e-48
9.643957540103892612e+00 2.453187038707425166e-48
9.710873407445131278e+00 2.367892047850808089e-48
9.778253579329746259e+00 2.286153086663724028e-48
9.846101277395861828e+00 2.207808601942303547e-48
9.914419745635354886e+00 2.132704869756221410e-48
9.983212250548969990e+00 2.060695622631190693e-48
1.005248208130249488e+01 1.993397313458518875e-48
1.012223254988401777e+01 1.929303232173880661e-48
1.019246699126231981e+01 1.867711540532453699e-48
1.026318876354625864e+01 1.808515479734472349e-48
1.033440124814541505e+01 1.751613193311530136e-48
1.040610784993169524e+01 1.696907480028114601e-48
1.047831199740216412e+01 1.644305578869855183e-48
1.055101714284298176e+01 1.593718946663229961e-48
1.062422676249441267e+01 1.545063052821161170e-48
1.069794435671711241e+01 1.498257185729713381e-48
1.077217345015942129e+01 1.453224276451345058e-48
1.084691759192592109e+01 1.409890714559273374e-48
1.092218035574714108e+01 1.368186183112922446e-48
1.099796534015037253e+01 1.328043505953108948e-48
1.107427616863180120e+01 1.289398497783945919e-48
1.115111648982969150e+01 1.252189813826641269e-48
1.122848997769887447e+01 1.216358827639060252e-48
1.130640033168639569e+01 1.181849490208415025e-48
1.138485127690839782e+01 1.148608215977378999e-48
1.146384656432824833e+01 1.116583765924677289e-48
1.154338997093584673e+01 1.085727134247253947e-48
1.162348529992824453e+01 1.055991448483859724e-48
1.170413638089146957e+01 1.027331863819906789e-48
1.178534706998363824e+01 9.997054759281200281e-49
1.186712125011933594e+01 9.730712250040816162e-49
1.194946283115524999e+01 9.473898148353986401e-49
1.203237575007712579e+01 9.226236271882145972e-49
1.211586397118800207e+01 8.987366500488508569e-49
1.219993148629774993e+01 8.756943985943181548e-49
1.228458231491395480e+01 8.534638477752740464e-49
1.236982050443406855e+01 8.320133683994208342e-49
1.245565013033894708e+01 8.113126586900757042e-49
1.254207529638770424e+01 7.913326886629296093e-49
1.262910013481392113e+01 7.720456395926944101e-49
1.271672880652324622e+01 7.534248520232860621e-49
1.280496550129229583e+01 7.354447710826190352e-49
1.289381443796900939e+01 7.180809009278318430e-49
1.298327986467436013e+01 7.013097540505995813e-49
1.307336605900545834e+01 6.851088085667613324e-49
1.316407732824010424e+01 6.694564640088816015e-49
1.325541800954269256e+01 6.543320026231683552e-49
1.334739247017160935e+01 6.397155496390247920e-49
1.344000510768803558e+01 6.255880348087903948e-49
1.353326035016620388e+01 6.119311611360699432e-49
1.362716265640514379e+01 5.987273666193949211e-49
1.372171651614182508e+01 5.859597967299440744e-49
1.381692645026585531e+01 5.736122705127395450e-49
1.391279701103562694e+01 5.616692543468181455e-49
1.400933278229597434e+01 5.501158309411491932e-49
1.410653837969735847e+01 5.389376769008033728e-49
1.420441845091651878e+01 5.281210339998123037e-49
1.430297767587871505e+01 5.176526871198157090e-49
1.440222076698148790e+01 5.075199404906857870e-49
1.450215246931995594e+01 4.977105967407686122e-49
1.460277756091373114e+01 4.882129350049174190e-49
1.470410085293531743e+01 4.790156910048191928e-49
1.480612718994017740e+01 4.701080384659379631e-49
1.490886145009836561e+01 4.614795705634865790e-49
1.501230854542774473e+01 4.531202829010727573e-49
1.511647342202888744e+01 4.450205564161049804e-49
1.522136106032151126e+01 4.371711424851863765e-49
1.532697647528264007e+01 4.295631459382221553e-49
1.543332471668636963e+01 4.221880123638268414e-49
1.554041086934531712e+01 4.150375133031970953e-49
1.564824005335375823e+01 4.081037333570005817e-49
1.575681742433239485e+01 4.013790571278540960e-49
1.586614817367488683e+01 3.948561575184763019e-49
1.597623752879606585e+01 3.885279840469153219e-49
1.608709075338185457e+01 3.823877511418174054e-49
1.619871314764099068e+01 3.764289286265088895e-49
1.631111004855834778e+01 3.706452305764524616e-49
1.642428683015022273e+01 3.650306060553872953e-49
1.653824890372121104e+01 3.595792298546125228e-49
1.665300171812294039e+01 3.542854929770214146e-49
1.676855076001465861e+01 3.491439949483172195e-49
1.688490155412545590e+01 3.441495350173563603e-49
1.700205966351853704e+01 3.392971045756936226e-49
1.712003068985712417e+01 3.345818793510594886e-49
1.723882027367231728e+01 3.299992127596592377e-49
1.735843409463281262e+01 3.255446284008908997e-49
1.747887787181637265e+01 3.212138138418363369e-49
1.760015736398340280e+01 3.170026141859917574e-49
1.772227836985217664e+01 3.129070257180738304e-49
1.784524672837614645e+01 3.089231904080823473e-49
1.796906831902314394e+01 3.050473902996192432e-49
1.809374906205639988e+01 3.012760419329463166e-49
1.821929491881772734e+01 2.976056913111915139e-49
1.834571189201246710e+01 2.940330090416398849e-49
1.847300602599650787e+01 2.905547853546268984e-49
1.860118340706534568e+01 2.871679258870804298e-49
1.873025016374496232e+01 2.838694468636940888e-49
1.886021246708499532e+01 2.806564714897836093e-49
1.899107653095367709e+01 2.775262254443002810e-49
1.912284861233499456e+01 2.744760331041226659e-49
1.925553501162785963e+01 2.715033140685958125e-49
1.938914207294728342e+01 2.686055792626657186e-49
1.952367618442780639e+01 2.657804277279583345e-49
1.965914377852884698e+01 2.630255433930759201e-49
1.979555133234229203e+01 2.603386916303099772e-49
1.993290536790221168e+01 2.577177164873597565e-49
2.007121245249660646e+01 2.551605376014637534e-49
2.021047919898153822e+01 2.526651475377424634e-49
2.035071226609719020e+01 2.502296088903770278e-49
2.049191835878630386e+01 2.478520519656395038e-49
2.063410422851477577e+01 2.455306719940445763e-49
2.077727667359437191e+01 2.432637269772270652e-49
2.092144253950791111e+01 2.410495352402684779e-49
2.106660871923644152e+01 2.388864732842949498e-49
2.121278215358888275e+01 2.367729736640967657e-49
2.135996983153390261e+01 2.347075228288412303e-49
2.150817879053397164e+01 2.326886592856096215e-49
2.165741611688200052e+01 2.307149716936575200e-49
2.180768894604002384e+01 2.287850968875464239e-49
2.195900446298042752e+01 2.268977183967474007e-49
2.211136990252950341e+01 2.250515644899425385e-49
2.226479254971327393e+01 2.232454066696498605e-49
2.241927974010593871e+01 2.214780581373284960e-49
2.257483886018050612e+01 2.197483722946578613e-49
2.273147734766199335e+01 2.180552411335719726e-49
2.288920269188310286e+01 2.163975941041413417e-49
2.304802243414216534e+01 2.147743965880226235e-49
2.320794416806389648e+01 2.131846486319984727e-49
2.336897553996231380e+01 2.116273838125601849e-49
2.353112424920640322e+01 2.101016678907455540e-49
2.369439804858827614e+01 2.086065978111554314e-49
2.385880474469372459e+01 2.071413004338706005e-49
2.402435219827565405e+01 2.057049316439951117e-49
2.419104832462978294e+01 2.042966751534086521e-49
2.435890109397316294e+01 2.029157416572422550e-49
2.452791853182525017e+01 2.015613678197948137e-49
2.469810871939160180e+01 2.002328153076814967e-49
2.486947979395032249e+01 1.989293699939522163e-49
2.504203994924105814e+01 1.976503410638428142e-49
2.521579743585680333e+01 1.963950601996467352e-49
2.539076056163837691e+01 1.951628807847948296e-49
2.556693769207162603e+01 1.939531771596379147e-49
2.574433725068747236e+01 1.927653438783039294e-49
2.592296771946456246e+01 1.915987950268775049e-49
2.610283763923488465e+01 1.904529634866722113e-49
2.628395561009211789e+01 1.893273003458708226e-49
2.646633029180280161e+01 1.882212742172050405e-49
2.664997040422045060e+01 1.871343706850106186e-49
2.683488472770237721e+01 1.860660916273095345e-49
2.702108210352958650e+01 1.850159547570024262e-49
2.720857143432946046e+01 1.839834930138357498e-49
2.739736168450142983e+01 1.829682540589244119e-49
2.758746188064564109e+01 1.819697997518283466e-49
2.777888111199438370e+01 1.809877056956666592e-49
2.797162853084689971e+01 1.800215607291397337e-49
2.816571335300678314e+01 1.790709665025352683e-49
2.836114485822271192e+01 1.781355370206347758e-49
2.855793239063217115e+01 1.772148982596007353e-49
2.875608535920806474e+01 1.763086877000542677e-49
2.895561323820880162e+01 1.754165539797770250e-49
2.915652556763112102e+01 1.745381565123672137e-49
2.935883195366627163e+01 1.736731651130337800e-49
2.956254206915940230e+01 1.728212596490630030e-49
2.976766565407184473e+01 1.719821297016106050e-49
2.997421251594705538e+01 1.711554742450114740e-49
3.018219253037934635e+01 1.703410013234534550e-49
3.039161564148614758e+01 1.695384277522773833e-49
3.060249186238350916e+01 1.687474788362332207e-49
3.081483127566470870e+01 1.679678880485659296e-49
3.102864403388251446e+01 1.671993968134195813e-49
3.124394036003446828e+01 1.664417541965021069e-49
3.146073054805171409e+01 1.656947166775008851e-49
3.167902496329126549e+01 1.649580478975825108e-49
3.189883404303140679e+01 1.642315184047833513e-49
3.212016829697096654e+01 1.635149054738988141e-49
3.234303830773163213e+01 1.628079928342012077e-49
3.256745473136400904e+01 1.621105704875314417e-49
3.279342829785717583e+01 1.614224344919301521e-49
3.302096981165151846e+01 1.607433867787346641e-49
3.325009015215560737e+01 1.600732349308274985e-49
3.348080027426610883e+01 1.594117920353929323e-49
3.371311120889170354e+01 1.587588764819844454e-49
3.394703406348055807e+01 1.581143118001057685e-49
3.418258002255118555e+01 1.574779264873703346e-49
3.441976034822749142e+01 1.568495538581305342e-49
3.465858638077703091e+01 1.562290318822640936e-49
3.489906953915329524e+01 1.556162030378513472e-49
3.514122132154175659e+01 1.550109141666656679e-49
3.538505330590944453e+01 1.544130163404373969e-49
3.563057715055874297e+01 1.538223647173057948e-49
3.587780459468464045e+01 1.532388184186758473e-49
3.612674745893606598e+01 1.526622404050425419e-49
3.637741764598116134e+01 1.520924973476328974e-49
3.662982714107614868e+01 1.515294595194464134e-49
3.688398801263866744e+01 1.509730006787446434e-49
3.713991241282458589e+01 1.504229979587448503e-49
3.739761257810909711e+01 1.498793317683093003e-49
3.765710082987187235e+01 1.493418856807084660e-49
3.791838957498595164e+01 1.488105463445526960e-49
3.818149130641122468e+01 1.482852033843325809e-49
3.844641860379156384e+01 1.477657493052436430e-49
3.871318413405634118e+01 1.472520794145020172e-49
3.898180065202618039e+01 1.467440917242828842e-49
3.925228100102253848e+01 1.462416868770551506e-49
3.952463811348211919e+01 1.457447680622925950e-49
3.979888501157492442e+01 1.452532409377524783e-49
4.007503480782702354e+01 1.447670135575757695e-49
4.035310070574752928e+01 1.442859962980508157e-49
4.063309600045972303e+01 1.438101017891555405e-49
4.091503407933696224e+01 1.433392448454943376e-49
4.119892842264259514e+01 1.428733424011510504e-49
4.148479260417452963e+01 1.424123134478650585e-49
4.177264029191434958e+01 1.419560789717195233e-49
4.206248524868058780e+01 1.415045618975848906e-49
4.235434133278702973e+01 1.410576870269441351e-49
4.264822249870512394e+01 1.406153809875572309e-49
4.294414279773126708e+01 1.401775721772225685e-49
4.324211637865862912e+01 1.397441907118761000e-49
4.354215748845361134e+01 1.393151683779442132e-49
4.384428047293715025e+01 1.388904385813099168e-49
4.414849977747045529e+01 1.384699363020979474e-49
4.445482994764580553e+01 1.380535980492365784e-49
4.476328562998200056e+01 1.376413618158825390e-49
4.507388157262457895e+01 1.372331670381980763e-49
4.538663262605113857e+01 1.368289545525158605e-49
4.570155374378115454e+01 1.364286665582324717e-49
4.601865998309111916e+01 1.360322465766946607e-49
4.633796650573440701e+01 1.356396394166076804e-49
4.665948857866618482e+01 1.352507911349843636e-49
4.698324157477347285e+01 1.348656490056631768e-49
4.730924097361000236e+01 1.344841614833190681e-49
4.763750236213646616e+01 1.341062781709776302e-49
4.796804143546572874e+01 1.337319497902035184e-49
4.830087399761322331e+01 1.333611281480299517e-49
4.863601596225270640e+01 1.329937661087401648e-49
4.897348335347697201e+01 1.326298175653359616e-49
4.931329230656412221e+01 1.322692374113446525e-49
4.965545906874899629e+01 1.319119815133799791e-49
4.999999999999999289e+01 1.315580066864453947e-49
5.034693157380139894e+01 1.312072706669786744e-49
5.069627037794075619e+01 1.308597320901986043e-49
5.104803311530231724e+01 1.305153504648702066e-49
5.140223660466548239e+01 1.301740861514808863e-49
5.175889778150880716e+01 1.298359003396549006e-49
5.211803369882010628e+01 1.295007550258433324e-49
5.247966152791137517e+01 1.291686129939371416e-49
5.284379855924019154e+01 1.288394377938736508e-49
5.321046220323622578e+01 1.285131937227072835e-49
5.357966999113354944e+01 1.281898458049980066e-49
5.395143957580922489e+01 1.278693597753591607e-49
5.432578873262691133e+01 1.275517020592730521e-49
5.470273536028711447e+01 1.272368397574891080e-49
5.508229748168283635e+01 1.269247406274976440e-49
5.546449324476112963e+01 1.266153730689073927e-49
5.584934092339118195e+01 1.263087061066607201e-49
5.623685891823758709e+01 1.260047093757229343e-49
5.662706575764056538e+01 1.257033531073844732e-49
5.701998009850164806e+01 1.254046081135570776e-49
5.741562072717555054e+01 1.251084457737457014e-49
5.781400656036881713e+01 1.248148380212415190e-49
5.821515664604383034e+01 1.245237573300869233e-49
5.861909016432991848e+01 1.242351767024026073e-49
5.902582642844026850e+01 1.239490696560690784e-49
5.943538488559515542e+01 1.236654102128457091e-49
5.984778511795219202e+01 1.233841728866149583e-49
6.026304684354212071e+01 1.231053326724735968e-49
6.068118991721201638e+01 1.228288650356255714e-49
6.110223433157442230e+01 1.225547459008506031e-49
6.152620021796307270e+01 1.222829516421471628e-49
6.195310784739583454e+01 1.220134590730280007e-49
6.238297763154347564e+01 1.217462454368452459e-49
6.281583012370606411e+01 1.214812883972229945e-49
6.325168601979518002e+01 1.212185660291028758e-49
6.369056615932391452e+01 1.209580568099696723e-49
6.413249152640305795e+01 1.206997396113279660e-49
6.457748325074419427e+01 1.204435936902326609e-49
6.502556260867048366e+01 1.201895986814697255e-49
6.547675102413337811e+01 1.199377345896158463e-49
6.593107006973741591e+01 1.196879817813308194e-49
6.638854146777151755e+01 1.194403209784355088e-49
6.684918709124731606e+01 1.191947332502024523e-49
6.731302896494554489e+01 1.189512000069216267e-49
6.778008926646843690e+01 1.187097029928165833e-49
6.825039032730067845e+01 1.184702242797991941e-49
6.872395463387690029e+01 1.182327462609814821e-49
6.920080482865657245e+01 1.179972516445415227e-49
6.968096371120716981e+01 1.177637234477488326e-49
7.016445423929364722e+01 1.175321449912514561e-49
7.065129952997666862e+01 1.173024998934573998e-49
7.114152286071765730e+01 1.170747720649038369e-49
7.163514767049153420e+01 1.168489457032406369e-49
7.213219756090792600e+01 1.166250052878844936e-49
7.263269629733905219e+01 1.164029355751392861e-49
7.313666781005647977e+01 1.161827215932616309e-49
7.364413619537515387e+01 1.159643486379584632e-49
7.415512571680521603e+01 1.157478022675942255e-49
7.466966080621266144e+01 1.155330682989457032e-49
7.518776606498691706e+01 1.153201328028492367e-49
7.570946626521758560e+01 1.151089821000711566e-49
7.623478635087872135e+01 1.148996027571799461e-49
7.676375143902112086e+01 1.146919815828313474e-49
7.729638682097392177e+01 1.144861056237471969e-49
7.783271796355309391e+01 1.142819621611696671e-49
7.837277051027973584e+01 1.140795387072766705e-49
7.891657028260588902e+01 1.138788230016646060e-49
7.946414328114889258e+01 1.136798030080071539e-49
8.001551568693507477e+01 1.134824669108867946e-49
8.057071386265099022e+01 1.132868031125326067e-49
8.112976435390434915e+01 1.130928002297912182e-49
8.169269389049308927e+01 1.129004470912035207e-49
8.225952938768311640e+01 1.127097327341137624e-49
8.283029794749575103e+01 1.125206464018394320e-49
8.340502686000294830e+01 1.123331775410671756e-49
8.398374360463265020e+01 1.121473157991563402e-49
8.456647585148242285e+01 1.119630510217196547e-49
8.515325146264220280e+01 1.117803732500761771e-49
8.574409849352703361e+01 1.115992727189547343e-49
8.633904519421778900e+01 1.114197398541687995e-49
8.693812001081251140e+01 1.112417652704441343e-49
8.754135158678624862e+01 1.110653397692724480e-49
8.814876876436026976e+01 1.108904543368138085e-49
8.876040058588178283e+01 1.107171001419686807e-49
8.937627629521176686e+01 1.105452685343860031e-49
8.999642533912381737e+01 1.103749510426544538e-49
9.062087736871187360e+01 1.102061393725071037e-49
9.124966224080760924e+01 1.100388254050647370e-49
9.188281001940860904e+01 1.098730011952035060e-49
9.252035097711508627e+01 1.097086589699678986e-49
9.316231559657798300e+01 1.095457911269882266e-49
9.380873457195606591e+01 1.093843902330447241e-49
9.445963881038331067e+01 1.092244490226157139e-49
9.511505943344727143e+01 1.090659603965422455e-49
9.577502777867637462e+01 1.089089174206996082e-49
9.643957540103887993e+01 1.087533133247616349e-49
9.710873407445130567e+01 1.085991415009982973e-49
9.778253579329744127e+01 1.084463955031298001e-49
9.846101277395865736e+01 1.082950690452573224e-49
9.914419745635355241e+01 1.081451560008188099e-49
9.983212250548965017e+01 1.079966504015768609e-49
1.005248208130249452e+02 1.078495464367325239e-49
1.012223254988401777e+02 1.077038384520144070e-49
1.019246699126232016e+02 1.075595209488549753e-49
1.026318876354625900e+02 1.074165885835959236e-49
1.033440124814540866e+02 1.072750361667845742e-49
1.040610784993169489e+02 1.071348586624633614e-49
1.047831199740216306e+02 1.069960511875407879e-49
1.055101714284298140e+02 1.068586090112163545e-49
1.062422676249441338e+02 1.067225275544295890e-49
1.069794435671710602e+02 1.065878023893849646e-49
1.077217345015942129e+02 1.064544292391104878e-49
1.084691759192592002e+02 1.063224039770583921e-49
1.092218035574714037e+02 1.061917226267869595e-49
1.099796534015037253e+02 1.060623813616491232e-49
1.107427616863179480e+02 1.059343765045682395e-49
1.115111648982969115e+02 1.058077045278548420e-49
1.122848997769886807e+02 1.056823620530620813e-49
1.130640033168639604e+02 1.055583458509238515e-49
1.138485127690839818e+02 1.054356528413278044e-49
1.146384656432825437e+02 1.053142800933426772e-49
1.154338997093584709e+02 1.051942248253276818e-49
1.162348529992823813e+02 1.050754844050789452e-49
1.170413638089146957e+02 1.049580563500706212e-49
1.178534706998363788e+02 1.048419383277286662e-49
1.186712125011934233e+02 1.047271281558061996e-49
1.194946283115525034e+02 1.046136238028214767e-49
1.203237575007711939e+02 1.045014233885736127e-49
1.211586397118800136e+02 1.043905251847666496e-49
1.219993148629774993e+02 1.042809276157041575e-49
1.228458231491396191e+02 1.041726292590860838e-49
1.236982050443406962e+02 1.040656288469388435e-49
1.245565013033894104e+02 1.039599252666471080e-49
1.254207529638770353e+02 1.038555175621078204e-49
1.262910013481392184e+02 1.037524049350659558e-49
1.271672880652325262e+02 1.036505867465761364e-49
1.280496550129229547e+02 1.035500625186644693e-49
1.289381443796900157e+02 1.034508319361848166e-49
1.298327986467436119e+02 1.033528948489119412e-49
1.307336605900545976e+02 1.032562512738852404e-49
1.316407732824011134e+02 1.031609013980401014e-49
1.325541800954269434e+02 1.030668455811883313e-49
1.334739247017160153e+02 1.029740843593818680e-49
1.344000510768803451e+02 1.028826184486945978e-49
1.353326035016620494e+02 1.027924487495388136e-49
1.362716265640515019e+02 1.027035763515852858e-49
1.372171651614182508e+02 1.026160025393441496e-49
1.381692645026584785e+02 1.025297287985934041e-49
1.391279701103562729e+02 1.024447568237529994e-49
1.400933278229597363e+02 1.023610885263995124e-49
1.410653837969736628e+02 1.022787260451321741e-49
1.420441845091651771e+02 1.021976717570680908e-49
1.430297767587870794e+02 1.021179282912658234e-49
1.440222076698148612e+02 1.020394985445143903e-49
1.450215246931995523e+02 1.019623856999575887e-49
1.460277756091373931e+02 1.018865932492168445e-49
1.470410085293531779e+02 1.018121250187692539e-49
1.480612718994017030e+02 1.017389852016190235e-49
1.490886145009836525e+02 1.016671783955132762e-49
1.501230854542774296e+02 1.015967096493821563e-49
1.511647342202889490e+02 1.015275845200937441e-49
1.522136106032151304e+02 1.014598091423321466e-49
1.532697647528263190e+02 1.013933903152523215e-49
1.543332471668637140e+02 1.013283356107217439e-49
1.554041086934531677e+02 1.012646535096963766e-49
1.564824005335376569e+02 1.012023535754785850e-49
1.575681742433239378e+02 1.011414466758630382e-49
1.586614817367487831e+02 1.010819452708385866e-49
1.597623752879606513e+02 1.010238637890860986e-49
1.608709075338185528e+02 1.009672191263627342e-49
1.619871314764099282e+02 1.009120313134556368e-49
1.631111004855834778e+02 1.008583244234211026e-49
1.642428683015021704e+02 1.008061278221033173e-49
1.653824890372121104e+02 1.007554779197271393e-49
1.665300171812293968e+02 1.007064206682638280e-49
1.676855076001465932e+02 1.006590151928055196e-49
1.688490155412545448e+02 1.006133391891736645e-49
1.700205966351852851e+02 1.005694971471429476e-49
1.712003068985712559e+02 1.005276332335964882e-49
1.723882027367231728e+02 1.004879521309703103e-49
1.735843409463281262e+02 1.004507540085752431e-49
1.747887787181637407e+02 1.004164957924775758e-49
1.760015736398339357e+02 1.003859041230965753e-49
1.772227836985217664e+02 1.003601967889641597e-49
1.784524672837614503e+02 1.003415508544882862e-49
1.796906831902314536e+02 1.003341913693922516e-49
1.809374906205640059e+02 1.003472600847738666e-49
1.821929491881772094e+02 1.004037915389725744e-49
1.834571189201246852e+02 1.005769689152312584e-49
1.847300602599650858e+02 1.012164366425787458e-49
1.860118340706534639e+02 1.069729284244928630e-49
1.873025016374496374e+02 1.244688141880387898e-49
1.886021246708498609e+02 1.015781535993178175e-49
1.899107653095367994e+02 1.004979148412958254e-49
1.912284861233499385e+02 1.002171415746917496e-49
1.925553501162786176e+02 1.000967464150543152e-49
1.938914207294728271e+02 1.000295774817596276e-49
1.952367618442779644e+02 9.998560839612653513e-50
1.965914377852884911e+02 9.995380773806663743e-50
1.979555133234229061e+02 9.992936699682725098e-50
1.993290536790221097e+02 9.990992668976938778e-50
2.007121245249660717e+02 9.989422421850141394e-50
2.021047919898154817e+02 9.988153814696491460e-50
2.035071226609719020e+02 9.987143492373607593e-50
2.049191835878630457e+02 9.986364370540355362e-50
2.063410422851477790e+02 9.985799031253340531e-50
2.077727667359437476e+02 9.985436045407024423e-50
2.092144253950791892e+02 9.985267830072940215e-50
2.106660871923644152e+02 9.985289351000149101e-50
2.121278215358888133e+02 9.985497310307679190e-50
2.135996983153390261e+02 9.985889622962171880e-50
2.150817879053397235e+02 9.986465070660405700e-50
2.165741611688201260e+02 9.987223067772957697e-50
2.180768894604002526e+02 9.988163499852913752e-50
2.195900446298042823e+02 9.989286610188119892e-50
2.211136990252950341e+02 9.990592918806972918e-50
2.226479254971327464e+02 9.992083163801721783e-50
2.241927974010595221e+02 9.993758258264263706e-50
2.257483886018050612e+02 9.995619258298064272e-50
2.273147734766199335e+02 9.997667339007643944e-50
2.288920269188310215e+02 9.999903776302643194e-50
2.304802243414216605e+02 1.000232993299033101e-49
2.320794416806390643e+02 1.000494724806898005e-49
2.336897553996231522e+02 1.000775722843202397e-49
2.353112424920640535e+02 1.001076144240620208e-49
2.369439804858827756e+02 1.001396151470008246e-49
2.385880474469372530e+02 1.001735912244094630e-49
2.402435219827566755e+02 1.002095599206585349e-49
2.419104832462978152e+02 1.002475389687944912e-49
2.435890109397315086e+02 1.002875465514620133e-49
2.452791853182525017e+02 1.003296012860312385e-49
2.469810871939160108e+02 1.003737222131516127e-49
2.486947979395033599e+02 1.004199287880507216e-49
2.504203994924105814e+02 1.004682408740859652e-49
2.521579743585679125e+02 1.005186787381289135e-49
2.539076056163837620e+02 1.005712630474700367e-49
2.556693769207162745e+02 1.006260148679933721e-49
2.574433725068748231e+02 1.006829556633902344e-49
2.592296771946456033e+02 1.007421072952825247e-49
2.610283763923487186e+02 1.008034920240856688e-49
2.628395561009211860e+02 1.008671325105226859e-49
2.646633029180280232e+02 1.009330518176949624e-49
2.664997040422045984e+02 1.010012734136254694e-49
2.683488472770237649e+02 1.010718211742557721e-49
2.702108210352957371e+02 1.011447193867810070e-49
2.720857143432946259e+02 1.012199927533403903e-49
2.739736168450143055e+02 1.012976663950265324e-49
2.758746188064563967e+02 1.013777658561409899e-49
2.777888111199438299e+02 1.014603171087394712e-49
2.797162853084688550e+02 1.015453465574107849e-49
2.816571335300678243e+02 1.016328810442800924e-49
2.836114485822271263e+02 1.017229478542640969e-49
2.855793239063216902e+02 1.018155747205335966e-49
2.875608535920806617e+02 1.019107898302072932e-49
2.895561323820878670e+02 1.020086218302955613e-49
2.915652556763112102e+02 1.021090998338673069e-49
2.935883195366627092e+02 1.022122534265096123e-49
2.956254206915940017e+02 1.023181126730523832e-49
2.976766565407184544e+02 1.024267081246416923e-49
2.997421251594703904e+02 1.025380708261635656e-49
3.018219253037934777e+02 1.026522323241076614e-49
3.039161564148614616e+02 1.027692246749470892e-49
3.060249186238351058e+02 1.028890804541218824e-49
3.081483127566470444e+02 1.030118327658009727e-49
3.102864403388250025e+02 1.031375152535685218e-49
3.124394036003446899e+02 1.032661621123396240e-49
3.146073054805171409e+02 1.033978081018128293e-49
3.167902496329126620e+02 1.035324885619718663e-49
3.189883404303140537e+02 1.036702394312998127e-49
3.212016829697095091e+02 1.038110972686651253e-49
3.234303830773163213e+02 1.039550992802429422e-49
3.256745473136401188e+02 1.041022833534950095e-49
3.279342829785717299e+02 1.042526881011440549e-49
3.302096981165151988e+02 1.044063529196509116e-49
3.325009015215558748e+02 1.045633180690882343e-49
3.348080027426610741e+02 1.047236247853142235e-49
3.371311120889170638e+02 1.048873154420719559e-49
3.394703406348055523e+02 1.050544337923320393e-49
3.418258002255118981e+02 1.052250253392022883e-49
3.441976034822747579e+02 1.053991379259559254e-49
3.465858638077702949e+02 1.055768227112236921e-49
3.489906953915329382e+02 1.057581358521354950e-49
3.514122132154175802e+02 1.059431415589986484e-49
3.538505330590944027e+02 1.061319179790721626e-49
3.563057715055872450e+02 1.063245693790268699e-49
3.587780459468463619e+02 1.065212537523776619e-49
3.612674745893606314e+02 1.067222531336595145e-49
3.637741764598115992e+02 1.069281834112718004e-49
3.662982714107614584e+02 1.071407823546407320e-49
3.688398801263868449e+02 1.073672199271136880e-49
3.713991241282458873e+02 1.076724467201782168e-49
3.739761257810910138e+02 1.161988870388637066e-49
3.765710082987187093e+02 1.080712113908641580e-49
3.791838957498594596e+02 1.082459975873149733e-49
3.818149130641124316e+02 1.084672866285587501e-49
3.844641860379156242e+02 1.086997128745078366e-49
3.871318413405634260e+02 1.089385084962157099e-49
3.898180065202618039e+02 1.091824957156646970e-49
3.925228100102253848e+02 1.094313009935369393e-49
3.952463811348213767e+02 1.096848002696252473e-49
3.979888501157492442e+02 1.099429644855761895e-49
4.007503480782701786e+02 1.102058064402055225e-49
4.035310070574753354e+02 1.104733595940137842e-49
4.063309600045972161e+02 1.107456686344448374e-49
4.091503407933698213e+02 1.110227849037745771e-49
4.119892842264259230e+02 1.113047640287066407e-49
4.148479260417452679e+02 1.115916646226656928e-49
4.177264029191435384e+02 1.118835475432468392e-49
4.206248524868058780e+02 1.121804754520053783e-49
4.235434133278704962e+02 1.124825125461844891e-49
4.264822249870512110e+02 1.127897243919922431e-49
4.294414279773124008e+02 1.131021778198918129e-49
4.324211637865862485e+02 1.134199408588364242e-49
4.354215748845361418e+02 1.137430826957094745e-49
4.384428047293717441e+02 1.140716736513816491e-49
4.414849977747045386e+02 1.144057851680710861e-49
4.445482994764578280e+02 1.147454898044704217e-49
4.476328562998199914e+02 1.150908612364051371e-49
4.507388157262458321e+02 1.154419742614729981e-49
4.538663262605115847e+02 1.157989048066037038e-49
4.570155374378115312e+02 1.161617299378612382e-49
4.601865998309110068e+02 1.165305278719744509e-49
4.633796650573440843e+02 1.169053779892595764e-49
4.665948857866619051e+02 1.172863608476886763e-49
4.698324157477349559e+02 1.176735581979927773e-49
4.730924097361000236e+02 1.180670529996689675e-49
4.763750236213644484e+02 1.184669294378911284e-49
4.796804143546572732e+02 1.188732729413391555e-49
4.830087399761322331e+02 1.192861702010431018e-49
4.863601596225273056e+02 1.197057091904110968e-49
4.897348335347697343e+02 1.201319791866916461e-49
4.931329230656409663e+02 1.205650707943610633e-49
4.965545906874899629e+02 1.210050759710408810e-49
4.999999999999999432e+02 1.214520880570837614e-49
5.034693157380134494e+02 1.219062018104953075e-49
5.069627037794076045e+02 1.223675134500152453e-49
5.104803311530232008e+02 1.228361207110710251e-49
5.140223660466548381e+02 1.233121229228267194e-49
5.175889778150880147e+02 1.237956211210869567e-49
5.211803369882004517e+02 1.242867182250466597e-49
5.247966152791137802e+02 1.247855193330802029e-49
5.284379855924019012e+02 1.252921322538601743e-49
5.321046220323622720e+02 1.258066685350371840e-49
5.357966999113355087e+02 1.263292456350537939e-49
5.395143957580917231e+02 1.268599920095545413e-49
5.432578873262691559e+02 1.273990607127538834e-49
5.470273536028711305e+02 1.279466729952780560e-49
5.508229748168283777e+02 1.285033015759393005e-49
5.546449324476112679e+02 1.290709072461323566e-49
5.584934092339112794e+02 1.296818681940300115e-49
5.623685891823758993e+02 1.302738409603297433e-49
5.662706575764057106e+02 1.308161855292486138e-49
5.701998009850165090e+02 1.314124607992489966e-49
5.741562072717555338e+02 1.320204733633857395e-49
5.781400656036876171e+02 1.326383481758427143e-49
5.821515664604382891e+02 1.332658469241431686e-49
5.861909016432991848e+02 1.339029925858579222e-49
5.902582642844026850e+02 1.345498767322939631e-49
5.943538488559515827e+02 1.352066152765854431e-49
5.984778511795212808e+02 1.358733350569153734e-49
6.026304684354212213e+02 1.365501689581863070e-49
6.068118991721202065e+02 1.372372538973085072e-49
6.110223433157442514e+02 1.379347299119057720e-49
6.152620021796307128e+02 1.386427397217395639e-49
6.195310784739577912e+02 1.393614285105028759e-49
6.238297763154347422e+02 1.400909438176850480e-49
6.281583012370599590e+02 1.408314354887262085e-49
6.325168601979518144e+02 1.415830556577156661e-49
6.369056615932391878e+02 1.423459587490493230e-49
6.413249152640298689e+02 1.431203014907275911e-49
6.457748325074419427e+02 1.439062429350763158e-49
6.502556260867041829e+02 1.447039444845009779e-49
6.547675102413337527e+02 1.455135699208355563e-49
6.593107006973741591e+02 1.463352854375190570e-49
6.638854146777144933e+02 1.471692596741945134e-49
6.684918709124732459e+02 1.480156637536599432e-49
6.731302896494547667e+02 1.488746713214284415e-49
6.778008926646843975e+02 1.497464585885844695e-49
6.825039032730068129e+02 1.506312043791902293e-49
6.872395463387682639e+02 1.515290901846874622e-49
6.920080482865656677e+02 1.524403002297851989e-49
6.968096371120709591e+02 1.533650215585274339e-49
7.016445423929365006e+02 1.543034441582362829e-49
7.065129952997667715e+02 1.552557611594194366e-49
7.114152286071758908e+02 1.562221692006526955e-49
7.163514767049153988e+02 1.572028691860810248e-49
7.213219756090785495e+02 1.581980680935104399e-49
7.263269629733905504e+02 1.592079840612895799e-49
7.313666781005648545e+02 1.602328641912977764e-49
7.364413619537507429e+02 1.612730715726967233e-49
7.415512571680520750e+02 1.623298944102715083e-49
7.466966080621258470e+02 1.635675102357311505e-49
7.518776606498690853e+02 1.644883610031844253e-49
7.570946626521758844e+02 1.655879124639000693e-49
7.623478635087872135e+02 1.667060999216382144e-49
7.676375143902112086e+02 1.678410201415383866e-49
7.729638682097383935e+02 1.689926843598605444e-49
7.783271796355309107e+02 1.701612775482269301e-49
7.837277051027973584e+02 1.713470223122217787e-49
7.891657028260589186e+02 1.725501548662347294e-49
7.946414328114889258e+02 1.737709610493338821e-49
8.001551568693499803e+02 1.750095601228106683e-49
8.057071386265098454e+02 1.762663341970864873e-49
8.112976435390434062e+02 1.775414972847042522e-49
8.169269389049309211e+02 1.788353102003095928e-49
8.225952938768310787e+02 1.801480378437997387e-49
8.283029794749566008e+02 1.814799491285419645e-49
8.340502686000294261e+02 1.828313170082088620e-49
8.398374360463265020e+02 1.842024185226662792e-49
8.456647585148242570e+02 1.855935348527736850e-49
8.515325146264220848e+02 1.870049513811178204e-49
8.574409849352695119e+02 1.884369577578499897e-49
8.633904519421778332e+02 1.898898479719944698e-49
8.693812001081250855e+02 1.913639204302664323e-49
8.754135158678624293e+02 1.928594780478922249e-49
8.814876876436027260e+02 1.943768283615386021e-49
8.876040058588170041e+02 1.959162836876081307e-49
8.937627629521176686e+02 1.974781613838867487e-49
8.999642533912381168e+02 1.990627843765813897e-49
9.062087736871186507e+02 2.006704824755974094e-49
9.124966224080760639e+02 2.023015965461136701e-49
9.188281001940850956e+02 2.039564966221609442e-49
9.252035097711509479e+02 2.056357156267509979e-49
9.316231559657798016e+02 2.073446315365483072e-49
9.380873457195606306e+02 2.090690745672579821e-49
9.445963881038330783e+02 2.108201401122113299e-49
9.511505943344717480e+02 2.125986269991307286e-49
9.577502777867638315e+02 2.144031256317761571e-49
9.643957540103887141e+02 2.162338913099212509e-49
9.710873407445130852e+02 2.180912791444245760e-49
9.778253579329743843e+02 2.199756662403082223e-49
9.846101277395855504e+02 2.218874398739988805e-49
9.914419745635356094e+02 2.238269947265665135e-49
9.983212250548965585e+02 2.257947320868872290e-49
1.005248208130249395e+03 2.277910596172943767e-49
1.012223254988401777e+03 2.298163913128453351e-49
1.019246699126230965e+03 2.318711475376270176e-49
1.026318876354625900e+03 2.339557550958316020e-49
1.033440124814540923e+03 2.360706473209230646e-49
1.040610784993169545e+03 2.382162641761336347e-49
1.047831199740216334e+03 2.403930523642425480e-49
1.055101714284297032e+03 2.426014654480634057e-49
1.062422676249441338e+03 2.448419639877508065e-49
1.069794435671710517e+03 2.471150157112231117e-49
1.077217345015942101e+03 2.494210957623396676e-49
1.084691759192592144e+03 2.517606871631600462e-49
1.092218035574712985e+03 2.541342819873527905e-49
1.099796534015037196e+03 2.565423855911723013e-49
1.107427616863179537e+03 2.589855408532807572e-49
1.115111648982969200e+03 2.614646866110708834e-49
1.122848997769886864e+03 2.639898537455404713e-49
1.130640033168638411e+03 2.665436558742649640e-49
1.138485127690839818e+03 2.691403787207686288e-49
1.146384656432824158e+03 2.717749268071491439e-49
1.154338997093584794e+03 2.744477518122396098e-49
1.162348529992823842e+03 2.771594001589452001e-49
1.170413638089145707e+03 2.799104384568257160e-49
1.178534706998363845e+03 2.827014448966932200e-49
1.186712125011933040e+03 2.855330075604532785e-49
1.194946283115524921e+03 2.884057313715251680e-49
1.203237575007711939e+03 2.913287530402975324e-49
1.211586397118798914e+03 2.942942115638327330e-49
1.219993148629774851e+03 2.973027337200251464e-49
1.228458231491394827e+03 3.003549561501595621e-49
1.236982050443406933e+03 3.034515255297498541e-49
1.245565013033894047e+03 3.065930987577685537e-49
1.254207529638769074e+03 3.097803431781433116e-49
1.262910013481392070e+03 3.130139368786713695e-49
1.271672880652324011e+03 3.162945692243218280e-49
1.280496550129229490e+03 3.196229423069414840e-49
1.289381443796900385e+03 3.229997775555367741e-49
1.298327986467434812e+03 3.264258812579524185e-49
1.307336605900545919e+03 3.300205387960136679e-49
1.316407732824009827e+03 3.334282897025707728e-49
1.325541800954269320e+03 3.370060795740766055e-49
1.334739247017160324e+03 3.406361547330499410e-49
1.344000510768802087e+03 3.443191978436472317e-49
1.353326035016620381e+03 3.480559911006722072e-49
1.362716265640513711e+03 3.518473380988600228e-49
1.372171651614182565e+03 3.556940572066168971e-49
1.381692645026584842e+03 3.595969805291122795e-49
1.391279701103562729e+03 3.635569538081309973e-49
1.400933278229597590e+03 3.675748365533900442e-49
1.410653837969735150e+03 3.716515022497508598e-49
1.420441845091651885e+03 3.757878385989350078e-49
1.430297767587870794e+03 3.799847477871421678e-49
1.440222076698148840e+03 3.842431467902606997e-49
1.450215246931995580e+03 3.885639677698006860e-49
1.460277756091372339e+03 3.929481587795773282e-49
1.470410085293531665e+03 3.973966859884209870e-49
1.480612718994017087e+03 4.019105489108544616e-49
1.490886145009836582e+03 4.064920078198016871e-49
1.501230854542774523e+03 4.111472858017641197e-49
1.511647342202888012e+03 4.158714024236336969e-49
1.522136106032151247e+03 4.206651134621133558e-49
1.532697647528263133e+03 4.255293450783733705e-49
1.543332471668637027e+03 4.304651671976619979e-49
1.554041086934531677e+03 4.354736756660119047e-49
1.564824005335374977e+03 4.405559860587483504e-49
1.575681742433239378e+03 4.457132330012918898e-49
1.586614817367487831e+03 4.509465702760271128e-49
1.597623752879606627e+03 4.562571711108269905e-49
1.608709075338185585e+03 4.616462285306052283e-49
1.619871314764097406e+03 4.671149557493864351e-49
1.631111004855834835e+03 4.726645866229439612e-49
1.642428683015021534e+03 4.782963762790578762e-49
1.653824890372120990e+03 4.840116025730718616e-49
1.665300171812294138e+03 4.898115744367117014e-49
1.676855076001464113e+03 4.956979435899321702e-49
1.688490155412545391e+03 5.016710606135968599e-49
1.700205966351852794e+03 5.077331153574020036e-49
1.712003068985712616e+03 5.138854076108041140e-49
1.723882027367231785e+03 5.201292676263085770e-49
1.735843409463279386e+03 5.264661268287258831e-49
1.747887787181637350e+03 5.328974461496787550e-49
1.760015736398339186e+03 5.394247127221514118e-49
1.772227836985217436e+03 5.460494398028231171e-49
1.784524672837614617e+03 5.527731671560291332e-49
1.796906831902312661e+03 5.595974615549299504e-49
1.809374906205639945e+03 5.665239173442463579e-49
1.821929491881772037e+03 5.735541570985797119e-49
1.834571189201246852e+03 5.806898326280177796e-49
1.847300602599651029e+03 5.879326283732924584e-49
1.860118340706532763e+03 5.952843187365058327e-49
1.873025016374496317e+03 6.027465715967864739e-49
1.886021246708498438e+03 6.103209297992170372e-49
1.899107653095367823e+03 6.180095736379487376e-49
1.912284861233499214e+03 6.258141992189288103e-49
1.925553501162784187e+03 6.337366697049991534e-49
1.938914207294728385e+03 6.417788864465844466e-49
1.952367618442779758e+03 6.499427859069026572e-49
1.965914377852884854e+03 6.582303398925064099e-49
1.979555133234229061e+03 6.666435561986734819e-49
1.993290536790218994e+03 6.751844793697564890e-49
2.007121245249660660e+03 6.838551915636792767e-49
2.021047919898152713e+03 6.926578137553437204e-49
2.035071226609719133e+03 7.015945095937527412e-49
2.049191835878630627e+03 7.106676065839894060e-49
2.063410422851475687e+03 7.198789588442517931e-49
2.077727667359437419e+03 7.292311748830912174e-49
2.092144253950789789e+03 7.387265372127505283e-49
2.106660871923644208e+03 7.483673838427514149e-49
2.121278215358888247e+03 7.581561251534367046e-49
2.135996983153388101e+03 7.680952187084930235e-49
2.150817879053397064e+03 7.781871688909549944e-49
2.165741611688199100e+03 7.884345277417085365e-49
2.180768894604002526e+03 7.988398960073156751e-49
2.195900446298042880e+03 8.094059243315894850e-49
2.211136990252948181e+03 8.201353149575226800e-49
2.226479254971327464e+03 8.310308295213910649e-49
2.241927974010592607e+03 8.420975145120287505e-49
2.257483886018050725e+03 8.533314509290670910e-49
2.273147734766199392e+03 8.647423469436811066e-49
2.288920269188307884e+03 8.763309204862681905e-49
2.304802243414216719e+03 8.881001984976480075e-49
2.320794416806388199e+03 9.000532718649780080e-49
2.336897553996231636e+03 9.121932930133345432e-49
2.353112424920640478e+03 9.245234769833947795e-49
2.369439804858825028e+03 9.370471028745463443e-49
2.385880474469372530e+03 9.497675154943985581e-49
2.402435219827564197e+03 9.626881279226077565e-49
2.419104832462978266e+03 9.758124487676106724e-49
2.435890109397314973e+03 9.891439570512669109e-49
2.452791853182522573e+03 1.002686298118356929e-48
2.469810871939159824e+03 1.016443211491068237e-48
2.486947979395030870e+03 1.030418445975502163e-48
2.504203994924105700e+03 1.044615849777694859e-48
2.521579743585678898e+03 1.059039351418924032e-48
2.539076056163837620e+03 1.073692960895211051e-48
2.556693769207162859e+03 1.088580771621429201e-48
2.574433725068745844e+03 1.103706962660433796e-48
2.592296771946456374e+03 1.119075802352195395e-48
2.610283763923487186e+03 1.134691804217694358e-48
2.628395561009212088e+03 1.150558932634841843e-48
2.646633029180280118e+03 1.166682207727442882e-48
2.664997040422043483e+03 1.183066120447704882e-48
2.683488472770237877e+03 1.199715404250744450e-48
2.702108210352957030e+03 1.216634899000921010e-48
2.720857143432946032e+03 1.233829549395106290e-48
2.739736168450142941e+03 1.251304407414094426e-48
2.758746188064561011e+03 1.269064635209209130e-48
2.777888111199438299e+03 1.287115509184526659e-48
2.797162853084688322e+03 1.305462601797740585e-48
2.816571335300678584e+03 1.324110866927192344e-48
2.836114485822271490e+03 1.343066489047048521e-48
2.855793239063214060e+03 1.362335047517500738e-48
2.875608535920806389e+03 1.381922424703574168e-48
2.895561323820878897e+03 1.401834638014371202e-48
2.915652556763111988e+03 1.422077840836444736e-48
2.935883195366627206e+03 1.442658326083781808e-48
2.956254206915937175e+03 1.463582530372910689e-48
2.976766565407184771e+03 1.484857048789075425e-48
2.997421251594703790e+03 1.506488583304119506e-48
3.018219253037934777e+03 1.528484039725673450e-48
3.039161564148614616e+03 1.550850479133404767e-48
3.060249186238348102e+03 1.573595106970260881e-48
3.081483127566470557e+03 1.596725304806836633e-48
3.102864403388249684e+03 1.620248627941143010e-48
3.124394036003446672e+03 1.644172810049999308e-48
3.146073054805171523e+03 1.668505768749564372e-48
3.167902496329123551e+03 1.693255657422567413e-48
3.189883404303140651e+03 1.718430626301838434e-48
3.212016829697095091e+03 1.744039319743236380e-48
3.234303830773163099e+03 1.770090397114973331e-48
3.256745473136400960e+03 1.796592770269714025e-48
3.279342829785714002e+03 1.823555569962892806e-48
3.302096981165152101e+03 1.850988150217827943e-48
3.325009015215558520e+03 1.878900094856685916e-48
3.348080027426610741e+03 1.907301230588281088e-48
3.371311120889170525e+03 1.936201600164209601e-48
3.394703406348052340e+03 1.965611526251988800e-48
3.418258002255118754e+03 1.995541584795556410e-48
3.441976034822747806e+03 2.026002605049074453e-48
3.465858638077703290e+03 2.057005692778567214e-48
3.489906953915329723e+03 2.088562233951706820e-48
3.514122132154172050e+03 2.120683902939278531e-48
3.538505330590944141e+03 2.153382689238992772e-48
3.563057715055871995e+03 2.186670807681286856e-48
3.587780459468463505e+03 2.220560904406269244e-48
3.612674745893606541e+03 2.255065874318374930e-48
3.637741764598112240e+03 2.290198957897462241e-48
3.662982714107614811e+03 2.325973737875862158e-48
3.688398801263864698e+03 2.362404147433105233e-48
3.713991241282458759e+03 2.399504481486831678e-48
3.739761257810910138e+03 2.437289404939258346e-48
3.765710082987183341e+03 2.475773938931848520e-48
3.791838957498594937e+03 2.514973541900600949e-48
3.818149130641120337e+03 2.554904037046155616e-48
3.844641860379156242e+03 2.595581666872385626e-48
3.871318413405634146e+03 2.637023094933114943e-48
3.898180065202614060e+03 2.679245417241048810e-48
3.925228100102254302e+03 2.722266174753019330e-48
3.952463811348209674e+03 2.766103329614045485e-48
3.979888501157492556e+03 2.810775360364775928e-48
4.007503480782701899e+03 2.856301178038516245e-48
4.035310070574748806e+03 2.902700184468801299e-48
4.063309600045972275e+03 2.949992271958104737e-48
4.091503407933694234e+03 2.998197835547745456e-48
4.119892842264259343e+03 3.047337759892144558e-48
4.148479260417452679e+03 3.097433465604966207e-48
4.177264029191431291e+03 3.148506883410001742e-48
4.206248524868058666e+03 3.200580466544904996e-48
4.235434133278700756e+03 3.253677197532955374e-48
4.264822249870511769e+03 3.307820588906411665e-48
4.294414279773124690e+03 3.363034701874217255e-48
4.324211637865858393e+03 3.419344036099252222e-48
4.354215748845361304e+03 3.476773747337613885e-48
4.384428047293712552e+03 3.535349411121704604e-48
4.414849977747045159e+03 3.595097124170728797e-48
4.445482994764578507e+03 3.656043464964084416e-48
4.476328562998200141e+03 3.718222795859004948e-48
4.507388157262457753e+03 3.781655948617783901e-48
4.538663262605111413e+03 3.846370732453765839e-48
4.570155374378115084e+03 3.912394782624425243e-48
4.601865998309110182e+03 3.979756610856579433e-48
4.633796650573441184e+03 4.048484964486625951e-48
4.665948857866618710e+03 4.118608771672575184e-48
4.698324157477344670e+03 4.190156936374601164e-48
4.730924097361000349e+03 4.263158467982761558e-48
4.763750236213644712e+03 4.337642116851046887e-48
4.796804143546572959e+03 4.413636347186032945e-48
4.830087399761322558e+03 4.491169142828266464e-48
4.863601596225267713e+03 4.570267798684312832e-48
4.897348335347696775e+03 4.650958699208233164e-48
4.931329230656409891e+03 4.733267041342307281e-48
4.965545906874899629e+03 4.817216514609795729e-48
4.999999999999999091e+03 4.902828941276787191e-48
